1	2.477076e+06
2	0.000000e+00
3	2.433019e+06
4	0.000000e+00
5	2.678096e+06
6	0.000000e+00
7	2.778965e+06
8	0.000000e+00
9	8.229340e+06
10	7.811999e+06
11	8.199124e+06
12	7.802430e+06
13	1.025846e+07
14	9.724933e+06
15	1.063109e+07
16	9.729670e+06
17	2.813248e+06
18	2.733654e+06
19	2.506162e+06
20	2.371156e+06
21	1.717454e+06
22	2.493930e+06
23	3.422038e+06
24	2.491868e+06
25	3.312940e+06
26	3.148538e+06
27	2.778163e+06
28	4.779272e+06
29	3.847567e+06
30	5.001092e+06
31	5.246081e+06
32	5.665746e+06
33	5.871818e+06
34	5.086649e+06
35	5.201487e+06
36	8.173268e+06
37	5.596597e+06
38	7.805483e+06
39	9.477964e+06
40	8.571474e+06
41	9.710282e+06
42	9.027476e+06
43	1.099647e+07
44	1.367390e+07
45	8.792491e+06
46	1.080328e+07
47	8.453242e+06
48	1.014502e+07
49	1.209437e+07
50	1.009509e+07
51	6.399855e+06
52	9.355723e+06
53	1.191537e+07
54	8.511003e+06
55	7.535936e+06
56	9.941616e+06
57	5.051763e+06
58	9.330718e+06
59	9.942733e+06
60	6.370704e+06
61	9.848265e+06
62	1.045518e+07
63	6.985946e+06
64	8.243219e+06
65	5.883614e+06
66	7.888672e+06
67	6.493791e+06
68	5.283759e+06
69	3.519702e+06
70	4.795279e+06
71	2.319104e+06
72	3.056978e+06
73	2.483607e+06
74	4.717287e+06
75	3.650582e+06
76	2.253609e+06
77	2.727009e+06
78	2.094692e+06
79	2.858587e+06
80	2.374252e+06
81	9.934967e+05
82	1.455353e+07
83	1.025005e+07
84	1.412703e+07
85	6.826501e+06
86	5.905716e+06
87	1.411768e+07
88	7.661999e+06
89	2.454398e+07
90	9.571585e+06
91	8.278047e+06
92	2.387349e+07
93	2.927259e+06
94	0.000000e+00
95	0.000000e+00
96	3.283174e+06
97	8.859320e+06
98	9.310941e+06
99	1.039231e+07
100	7.617478e+06
101	0.000000e+00
102	0.000000e+00
103	1.550255e+08
104	1.116834e+08
105	1.074525e+07
106	4.198406e+07
107	6.260472e+07
108	1.840202e+08
109	1.808088e+07
110	5.838326e+07
111	5.687903e+06
112	1.323378e+08
113	1.148643e+08
114	5.499314e+06
115	5.382445e+06
116	5.116708e+07
117	3.210588e+07
118	6.795079e+07
119	2.492838e+07
120	1.418980e+08
121	1.719699e+07
122	2.275214e+07
123	6.170995e+06
124	9.439688e+06
125	1.288598e+07
126	1.728078e+08
127	1.017841e+08
128	7.041392e+07
129	8.688846e+06
130	6.117005e+06
131	1.584300e+07
132	3.346238e+07
133	1.595191e+08
134	7.247920e+06
135	2.512194e+07
136	8.888484e+06
137	0.000000e+00
138	2.506232e+07
139	1.327258e+07
140	0.000000e+00
141	5.459554e+06
142	4.867336e+06
143	6.140562e+06
144	3.125250e+09
145	2.737667e+07
146	3.084757e+07
147	1.865468e+07
148	6.625467e+07
149	8.660596e+07
150	2.446647e+08
151	2.231483e+07
152	7.433816e+07
153	8.016233e+06
154	1.752695e+07
155	0.000000e+00
156	8.088674e+07
157	1.145676e+07
158	1.986066e+07
159	0.000000e+00
160	1.210188e+07
161	2.010802e+07
162	0.000000e+00
163	0.000000e+00
164	1.192356e+07
165	1.083698e+07
166	0.000000e+00
167	1.032243e+07
168	1.809810e+07
169	0.000000e+00
170	0.000000e+00
171	1.059506e+08
172	0.000000e+00
173	0.000000e+00
174	1.636843e+07
175	4.436812e+07
176	7.391616e+06
177	1.054222e+07
178	5.027838e+06
179	5.417529e+06
180	8.988629e+06
181	1.101258e+07
182	4.003530e+06
183	1.629786e+07
184	5.047095e+06
185	5.666565e+06
186	4.441494e+06
187	5.672822e+06
188	9.267062e+06
189	1.964268e+07
190	2.349930e+07
191	3.045996e+07
192	1.759463e+07
193	1.729096e+07
194	3.374766e+07
195	6.513429e+06
196	4.554395e+07
197	3.255688e+07
198	2.395504e+07
199	9.980667e+06
200	4.252348e+07
201	3.842834e+07
202	3.880540e+07
203	1.491234e+07
204	3.586267e+07
205	3.511868e+07
206	4.765127e+07
207	2.763336e+07
208	8.444412e+07
209	0.000000e+00
210	0.000000e+00
211	9.280661e+06
212	1.126530e+08
213	1.940044e+08
214	0.000000e+00
215	8.100602e+06
216	0.000000e+00
217	2.094649e+07
218	3.355496e+07
219	1.121584e+07
220	0.000000e+00
221	1.696834e+07
222	1.451401e+07
223	4.534967e+07
224	7.230803e+07
225	0.000000e+00
226	0.000000e+00
227	0.000000e+00
228	3.585169e+07
229	3.205405e+07
230	2.415569e+07
231	8.662197e+06
232	2.097453e+07
233	1.211404e+09
234	2.609388e+07
235	1.059952e+07
236	0.000000e+00
237	1.157242e+07
238	2.353350e+07
239	0.000000e+00
240	0.000000e+00
241	2.887703e+08
242	8.295085e+07
243	0.000000e+00
244	0.000000e+00
245	1.761108e+07
246	5.530080e+06
247	0.000000e+00
248	0.000000e+00
249	1.650945e+07
250	5.322003e+07
251	0.000000e+00
252	4.151232e+07
253	1.399431e+07
254	1.419373e+07
255	0.000000e+00
256	4.705706e+06
257	4.726958e+07
258	9.760974e+06
259	7.480990e+06
260	3.729979e+06
261	1.094964e+07
262	6.018248e+06
263	1.016459e+07
264	6.539063e+06
265	1.967582e+07
266	5.675752e+06
267	5.945923e+06
268	5.154810e+06
269	1.951849e+07
270	8.173417e+06
271	1.632798e+07
272	1.554881e+07
273	6.456055e+06
274	5.001209e+06
275	1.504020e+07
276	2.945099e+07
277	3.562479e+07
278	1.834120e+07
279	7.845983e+06
280	3.279983e+07
281	3.378547e+07
282	4.234755e+07
283	3.660837e+07
284	5.635477e+07
285	3.919337e+07
286	2.999724e+07
287	2.813930e+07
288	4.232141e+07
289	4.370496e+07
290	5.906397e+07
291	2.530385e+07
292	1.671106e+07
293	2.171752e+08
294	3.317803e+07
295	3.853327e+07
296	3.078129e+07
297	7.123504e+07
298	2.886681e+07
299	1.531689e+07
300	9.434606e+07
301	3.843262e+07
302	5.034318e+07
303	8.243043e+07
304	3.223329e+07
305	4.367881e+07
306	5.382145e+07
307	1.737590e+09
308	1.461701e+07
309	9.987123e+06
310	7.124692e+07
311	5.875853e+07
312	3.282684e+07
313	3.046914e+07
314	1.806112e+07
315	0.000000e+00
316	8.718718e+06
317	2.666478e+07
318	9.412500e+06
319	0.000000e+00
320	8.326018e+06
321	1.617290e+07
322	3.812898e+07
323	2.076288e+07
324	1.310120e+07
325	0.000000e+00
326	2.481846e+07
327	0.000000e+00
328	1.049501e+07
329	2.186063e+07
330	1.032266e+09
331	6.333764e+07
332	2.440218e+07
333	1.765061e+07
334	1.826544e+08
335	2.296878e+07
336	3.615594e+07
337	5.628868e+06
338	0.000000e+00
339	7.135061e+06
340	1.187451e+07
341	1.682643e+08
342	1.059406e+07
343	3.374573e+08
344	2.509807e+07
345	9.280485e+06
346	1.998181e+07
347	1.028909e+07
348	2.023473e+07
349	1.027836e+07
350	0.000000e+00
351	1.389466e+07
352	6.783614e+06
353	0.000000e+00
354	7.343996e+08
355	0.000000e+00
356	9.379416e+07
357	0.000000e+00
358	4.412725e+07
359	2.367993e+08
360	1.241549e+07
361	9.173493e+06
362	0.000000e+00
363	9.267180e+08
364	0.000000e+00
365	0.000000e+00
366	5.545555e+07
367	2.099884e+07
368	7.767832e+06
369	9.375252e+06
370	2.632816e+07
371	0.000000e+00
372	1.100210e+07
373	1.120857e+07
374	6.857926e+07
375	0.000000e+00
376	0.000000e+00
377	1.639552e+08
378	3.507761e+07
379	0.000000e+00
380	3.350929e+07
381	4.005698e+07
382	2.038820e+08
383	2.884506e+07
384	5.110852e+07
385	2.538618e+07
386	7.542201e+06
387	1.096394e+08
388	7.195777e+06
389	3.378553e+07
390	1.067840e+07
391	2.287927e+07
392	0.000000e+00
393	2.674276e+07
394	1.688041e+07
395	6.013802e+06
396	1.699979e+07
397	6.052009e+07
398	1.874422e+07
399	6.229013e+06
400	1.431448e+08
401	2.205619e+08
402	2.966510e+07
403	2.407836e+07
404	9.342120e+06
405	7.104949e+06
406	1.064365e+07
407	2.320143e+07
408	9.075292e+06
409	1.308927e+08
410	2.249195e+07
411	2.272957e+07
412	1.176609e+07
413	5.128570e+07
414	3.127160e+07
415	1.098657e+07
416	1.162177e+07
417	2.291919e+07
418	0.000000e+00
419	7.605184e+06
420	2.029365e+07
421	3.830704e+08
422	1.494476e+08
423	1.342100e+08
424	5.375340e+07
425	6.480402e+07
426	3.093527e+08
427	2.824555e+07
428	9.524468e+06
429	2.026873e+07
430	1.378533e+07
431	1.420915e+07
432	1.153894e+07
433	3.075462e+07
434	0.000000e+00
435	9.412007e+06
436	1.421534e+07
437	5.119664e+07
438	6.488865e+06
439	1.328160e+07
440	6.711410e+06
441	0.000000e+00
442	2.365015e+07
443	2.237104e+08
444	1.016005e+09
445	9.759016e+07
446	7.965489e+07
447	2.229339e+07
448	0.000000e+00
449	0.000000e+00
450	0.000000e+00
451	2.543259e+07
452	5.376416e+06
453	1.587281e+07
454	4.319329e+07
455	2.399041e+07
456	7.293834e+06
457	3.548696e+07
458	6.311286e+08
459	0.000000e+00
460	2.795299e+07
461	0.000000e+00
462	3.726032e+06
463	1.780153e+07
464	3.732091e+07
465	1.087348e+07
466	1.448145e+07
467	1.930439e+07
468	5.161038e+07
469	0.000000e+00
470	2.564282e+07
471	1.124106e+07
472	9.719959e+07
473	6.046149e+07
474	2.985060e+07
475	2.279985e+07
476	0.000000e+00
477	6.196365e+06
478	0.000000e+00
479	3.186469e+08
480	2.684875e+07
481	7.869179e+06
482	2.324532e+07
483	3.243266e+07
484	1.267339e+08
485	4.476984e+07
486	7.580459e+07
487	4.478986e+07
488	0.000000e+00
489	7.788612e+06
490	0.000000e+00
491	0.000000e+00
492	2.656339e+07
493	1.026331e+07
494	2.528657e+07
495	1.078321e+07
496	5.519369e+06
497	1.166101e+08
498	5.418271e+08
499	1.013405e+07
500	2.085530e+07
501	7.541310e+06
502	0.000000e+00
503	1.684384e+07
504	1.188017e+07
505	1.524762e+08
506	1.347428e+07
507	6.717473e+07
508	3.189213e+07
509	9.511356e+06
510	7.738770e+06
511	0.000000e+00
512	1.387603e+07
513	2.676770e+07
514	7.733706e+06
515	1.924869e+07
516	5.043570e+07
517	1.455775e+07
518	7.990410e+06
519	2.707297e+07
520	5.087555e+06
521	3.025994e+07
522	1.206600e+09
523	2.194014e+07
524	5.552586e+07
525	9.399685e+06
526	1.180190e+07
527	4.606929e+06
528	1.865014e+07
529	1.155714e+07
530	0.000000e+00
531	0.000000e+00
532	4.896068e+06
533	6.280222e+07
534	1.617422e+07
535	3.312092e+07
536	2.256566e+07
537	0.000000e+00
538	4.847351e+06
539	1.964034e+07
540	9.784719e+06
541	1.277026e+07
542	1.068111e+07
543	2.596932e+07
544	7.196738e+06
545	7.087521e+06
546	1.615708e+07
547	1.196395e+07
548	4.259842e+06
549	2.714476e+07
550	2.574260e+07
551	7.663543e+06
552	5.116874e+07
553	3.620491e+07
554	1.890390e+07
555	0.000000e+00
556	2.250823e+07
557	1.077758e+07
558	5.195953e+06
559	1.624332e+07
560	1.505685e+07
561	6.724139e+06
562	1.216560e+07
563	4.256267e+06
564	1.130375e+07
565	3.570590e+06
566	1.163527e+07
567	1.780054e+07
568	1.375937e+07
569	1.030853e+07
570	1.747547e+07
571	6.710181e+06
572	6.777866e+06
573	1.427259e+07
574	1.768720e+07
575	1.759744e+07
576	1.776931e+07
577	1.839781e+07
578	1.470960e+07
579	1.273625e+07
580	1.524741e+07
581	2.141136e+07
582	4.172256e+06
583	4.055973e+06
584	6.204714e+06
585	8.287314e+06
586	3.361131e+06
587	4.051227e+06
588	3.729185e+06
589	2.652133e+06
590	3.979112e+06
591	3.592684e+06
592	5.362299e+06
593	7.415230e+06
594	9.066160e+06
595	8.957250e+06
596	1.045988e+07
597	1.136639e+07
598	4.384892e+06
599	8.302835e+06
600	8.496135e+06
601	1.381178e+07
602	2.121280e+07
603	3.152244e+07
604	1.524542e+07
605	1.031514e+07
606	9.390514e+06
607	7.262658e+07
608	7.355239e+07
609	9.956554e+07
610	8.163457e+07
611	8.661330e+06
612	2.329343e+07
613	4.024363e+07
614	4.416932e+07
615	9.063801e+07
616	1.419696e+07
617	6.527319e+07
618	9.371080e+07
619	1.138210e+08
620	8.402789e+07
621	3.792815e+07
622	5.857154e+06
623	2.635159e+07
624	5.085714e+06
625	1.153555e+08
626	1.258801e+07
627	1.852919e+07
628	5.324336e+06
629	5.516653e+06
630	4.433006e+07
631	1.876849e+07
632	2.066565e+07
633	1.183276e+07
634	7.663727e+06
635	3.667237e+06
636	9.003320e+06
637	1.105432e+07
638	2.077661e+07
639	2.628176e+06
640	5.276934e+06
641	3.111088e+06
642	3.337279e+06
643	7.865702e+06
644	1.925694e+07
645	2.164390e+07
646	9.473622e+06
647	3.506293e+06
648	5.213270e+06
649	1.558481e+07
650	1.003622e+07
651	8.266468e+06
652	1.427415e+07
653	1.166564e+07
654	1.721835e+07
655	1.486568e+07
656	1.181792e+07
657	5.368669e+06
658	8.389970e+06
659	2.907803e+06
660	1.874185e+07
661	1.961535e+07
662	7.153133e+06
663	3.382212e+06
664	2.212372e+06
665	4.460752e+06
666	2.652729e+06
667	2.631719e+06
668	1.678962e+05
669	4.758114e+06
670	2.130515e+07
671	4.475945e+07
672	1.124455e+08
673	6.593582e+07
674	1.531735e+07
675	6.436529e+06
676	7.927350e+07
677	1.983350e+07
678	6.857235e+06
679	1.226742e+07
680	9.596686e+06
681	1.820178e+07
682	4.678198e+07
683	5.450840e+06
684	6.767982e+07
685	1.190741e+07
686	2.774677e+07
687	5.482190e+06
688	4.884238e+07
689	1.384352e+07
690	5.369341e+06
691	1.153545e+08
692	9.795901e+07
693	1.042346e+07
694	1.012013e+08
695	9.140007e+07
696	7.118094e+07
697	4.090294e+07
698	3.983935e+07
699	7.159428e+06
700	2.495955e+07
701	8.595342e+07
702	5.935690e+06
703	4.454932e+06
704	2.620058e+08
705	5.478065e+07
706	9.392203e+07
707	6.388030e+05
708	1.887574e+06
709	3.864699e+06
710	1.160600e+07
711	4.537178e+08
712	4.525059e+06
713	3.730943e+07
714	3.588717e+05
715	8.518553e+07
716	4.928468e+07
717	4.369570e+06
718	1.215790e+06
719	2.074749e+05
720	9.501833e+07
721	5.346408e+07
722	1.801112e+08
723	7.012454e+07
724	1.569202e+08
725	1.004221e+08
726	1.030671e+08
727	1.320234e+08
728	8.989124e+07
729	1.102247e+08
730	2.505869e+07
731	2.299441e+07
732	3.788372e+07
733	1.314217e+08
734	6.651815e+07
735	1.125510e+07
736	2.324457e+07
737	4.800691e+07
738	5.405453e+07
739	1.033671e+07
740	1.703936e+07
741	2.213270e+07
742	6.156480e+06
743	7.425863e+06
744	4.566562e+06
745	6.279308e+06
746	8.868698e+06
747	1.284769e+07
748	1.613311e+07
749	7.799273e+06
750	7.034310e+06
751	5.308778e+06
752	4.402441e+06
753	4.551459e+06
754	5.416043e+06
755	3.486061e+06
756	3.952039e+06
757	4.267399e+06
758	6.536343e+06
759	9.300623e+06
760	4.488335e+06
761	7.283795e+06
762	6.245178e+06
763	5.843276e+06
764	7.220886e+06
765	1.195448e+07
766	1.417272e+07
767	1.049854e+07
768	1.754593e+07
769	1.859697e+07
770	1.342772e+07
771	8.769743e+06
772	1.384227e+07
773	2.350225e+07
774	1.946635e+07
775	3.018420e+07
776	2.424660e+07
777	2.291730e+07
778	1.899483e+07
779	2.494168e+07
780	2.752688e+07
781	2.927397e+07
782	2.764423e+07
783	3.033245e+07
784	3.169522e+08
785	5.667812e+07
786	1.169511e+07
787	1.721795e+07
788	5.326208e+06
789	1.294578e+07
790	5.739548e+06
791	9.182282e+06
792	1.127956e+07
793	2.556741e+07
794	2.286936e+07
795	1.720137e+07
796	4.028581e+06
797	4.794163e+06
798	3.724374e+06
799	2.241704e+07
800	3.032039e+07
801	2.530838e+07
802	3.403306e+07
803	4.081373e+06
804	3.445256e+06
805	4.382733e+06
806	3.854187e+06
807	2.450201e+07
808	2.480009e+07
809	2.655476e+07
810	2.249575e+07
811	6.063379e+06
812	7.530678e+06
813	9.344063e+06
814	9.334578e+06
815	1.287975e+07
816	1.735937e+07
817	1.700290e+07
818	3.589643e+07
819	5.655078e+06
820	5.153247e+06
821	2.836402e+06
822	3.152203e+06
823	9.017603e+06
824	2.458991e+06
825	1.978717e+06
826	2.667369e+06
827	2.241144e+06
828	3.705776e+06
829	7.833328e+06
830	2.864641e+06
831	4.923937e+06
832	2.672407e+06
833	3.931326e+06
834	5.662195e+06
835	4.305696e+06
836	8.603402e+06
837	2.608797e+06
838	9.826035e+06
839	8.624623e+06
840	5.622259e+06
841	9.339170e+06
842	6.836550e+06
843	9.163249e+06
844	7.751014e+06
845	1.154201e+07
846	1.530035e+07
847	1.297478e+07
848	9.876751e+06
849	1.274880e+07
850	1.288701e+07
851	1.160783e+07
852	2.390032e+06
853	5.142039e+06
854	1.184060e+07
855	3.106196e+07
856	9.424765e+06
857	3.479333e+07
858	4.615456e+07
859	1.120638e+08
860	6.998593e+06
861	5.321246e+07
862	9.555635e+06
863	1.260408e+07
864	1.203905e+07
865	7.487769e+06
866	5.786409e+06
867	5.036875e+06
868	1.191984e+07
869	2.951976e+06
870	4.074409e+06
871	5.500193e+06
872	1.264085e+07
873	1.214914e+07
874	1.266760e+07
875	1.005131e+07
876	3.902140e+06
877	2.676185e+06
878	2.221756e+06
879	2.597340e+06
880	2.660672e+06
881	2.422039e+06
882	2.821880e+06
883	9.132176e+06
884	8.614415e+06
885	1.112046e+07
886	5.991986e+06
887	1.183998e+07
888	7.087343e+06
889	3.238413e+06
890	5.012864e+06
891	3.911961e+06
892	4.566661e+06
893	7.425140e+06
894	7.665307e+07
895	3.124597e+08
896	2.330524e+06
897	5.016604e+06
898	3.269240e+05
899	2.528713e+07
900	8.707924e+07
901	1.316948e+06
902	1.783412e+07
903	1.799017e+06
904	5.297851e+05
905	6.800372e+06
906	1.631952e+07
907	3.861787e+05
908	7.698663e+05
909	5.304996e+07
910	1.256774e+06
911	3.747349e+07
912	7.178398e+05
913	7.921809e+07
914	4.808395e+07
915	6.928615e+07
916	5.600718e+07
917	5.606443e+07
918	4.660121e+07
919	6.294692e+07
920	5.029104e+07
921	3.764044e+07
922	5.648908e+07
923	2.442197e+07
924	1.844851e+07
925	2.899168e+07
926	2.413593e+07
927	7.829043e+07
928	2.005284e+07
929	2.282033e+07
930	3.294600e+07
931	1.630794e+07
932	9.250261e+06
933	1.125600e+07
934	1.331754e+07
935	7.650613e+06
936	5.409277e+06
937	9.837704e+06
938	7.783367e+06
939	1.428099e+07
940	6.877527e+06
941	4.740362e+06
942	5.969776e+06
943	5.551034e+06
944	5.662928e+06
945	1.200978e+07
946	2.460488e+05
947	2.843098e+07
948	1.298463e+06
949	4.132986e+05
950	8.785187e+07
951	3.223179e+06
952	7.757749e+07
953	1.881203e+08
954	4.288210e+07
955	1.768322e+07
956	6.721893e+06
957	1.140142e+07
958	8.114956e+06
959	6.117591e+06
960	3.332869e+06
961	2.319693e+07
962	1.573733e+07
963	1.945792e+07
964	0.000000e+00
965	1.103709e+07
966	5.302546e+06
967	6.037503e+06
968	1.239887e+07
969	6.665470e+06
970	1.644430e+08
971	3.281525e+06
972	6.538249e+06
973	2.177786e+07
974	4.991729e+06
975	8.503570e+05
976	4.350278e+06
977	6.186802e+06
978	3.346472e+07
979	1.747729e+07
980	5.900905e+07
981	8.931296e+06
982	6.381300e+07
983	1.061446e+07
984	5.543376e+07
985	1.895590e+07
986	3.081018e+07
987	2.230554e+07
988	7.136917e+07
989	6.945897e+06
990	9.703499e+06
991	8.118948e+07
992	5.400118e+06
993	7.577461e+07
994	5.528653e+07
995	5.739210e+07
996	6.370335e+07
997	6.137408e+06
998	3.375644e+06
999	5.010402e+06
1000	5.750619e+06
1001	2.572175e+07
1002	4.168641e+07
1003	9.252334e+06
1004	8.573818e+06
1005	1.687169e+07
1006	2.516268e+07
1007	5.321866e+06
1008	1.392867e+07
1009	1.644380e+07
1010	2.804787e+07
1011	2.860644e+06
1012	3.786277e+06
1013	6.548048e+06
1014	2.281590e+07
1015	1.335188e+06
1016	5.064458e+06
1017	2.251521e+07
1018	4.818685e+07
1019	2.236191e+05
1020	8.325618e+07
1021	7.313538e+06
1022	1.014853e+07
1023	6.951376e+05
1024	9.112265e+05
1025	7.393803e+06
1026	5.015912e+06
1027	2.459340e+07
1028	3.805228e+05
1029	4.532647e+06
1030	7.359593e+06
1031	8.938696e+06
1032	6.677518e+06
1033	5.485080e+06
1034	7.980230e+06
1035	6.062973e+06
1036	1.614260e+07
1037	1.174427e+07
1038	2.292296e+07
1039	1.408233e+07
1040	2.508543e+07
1041	1.176544e+07
1042	1.236774e+07
1043	9.917350e+06
1044	3.708373e+07
1045	5.504552e+07
1046	2.824379e+07
1047	6.370307e+07
1048	5.970171e+07
1049	3.851131e+07
1050	3.383872e+07
1051	6.595828e+07
1052	1.007804e+08
1053	8.180513e+07
1054	1.110964e+08
1055	8.972533e+07
1056	1.469473e+08
1057	1.419526e+08
1058	1.076649e+08
1059	1.523850e+08
1060	1.156053e+08
1061	7.478658e+06
1062	5.877307e+05
1063	2.299523e+07
1064	2.963539e+07
1065	1.852818e+07
1066	4.975612e+07
1067	1.598492e+07
1068	4.648842e+07
1069	1.092514e+07
1070	5.773246e+07
1071	1.097983e+07
1072	8.793808e+07
1073	7.121303e+06
1074	9.304543e+07
1075	6.318120e+06
1076	1.187733e+08
1077	7.259076e+06
1078	1.240746e+08
1079	5.657528e+06
1080	1.366310e+08
1081	5.719099e+06
1082	1.022004e+08
1083	8.145546e+06
1084	1.305375e+08
1085	9.349983e+06
1086	1.071091e+08
1087	1.100597e+07
1088	7.200012e+07
1089	1.227594e+07
1090	5.158109e+07
1091	1.487516e+07
1092	4.246725e+07
1093	2.223989e+07
1094	3.851961e+07
1095	3.016668e+07
1096	8.268895e+05
1097	4.977459e+07
1098	7.367436e+06
1099	1.445671e+07
1100	1.316191e+07
1101	1.308562e+07
1102	2.705035e+07
1103	1.062938e+06
1104	8.897444e+07
1105	8.898522e+07
1106	3.592483e+07
1107	5.799903e+05
1108	6.767251e+07
1109	7.735135e+06
1110	2.455263e+07
1111	2.367178e+07
1112	1.923455e+07
1113	2.215924e+07
1114	2.467238e+07
1115	1.908107e+07
1116	2.416108e+07
1117	1.888662e+07
1118	1.864547e+07
1119	1.763124e+07
1120	1.904579e+07
1121	1.605571e+07
1122	1.211312e+07
1123	1.356446e+07
1124	8.957950e+06
1125	8.422456e+06
1126	1.320276e+07
1127	6.518826e+06
1128	4.833536e+06
1129	1.088161e+07
1130	4.616935e+06
1131	2.625565e+06
1132	7.685057e+06
1133	4.319336e+06
1134	2.888032e+06
1135	5.383052e+06
1136	3.909319e+06
1137	3.690312e+06
1138	6.412281e+06
1139	3.936370e+06
1140	4.642613e+06
1141	4.820488e+06
1142	2.079939e+05
1143	2.325287e+07
1144	4.863436e+05
1145	1.282237e+07
1146	1.223740e+06
1147	1.003495e+07
1148	8.697483e+06
1149	1.672842e+07
1150	2.277510e+07
1151	7.281679e+06
1152	2.234847e+07
1153	3.426316e+07
1154	5.593561e+06
1155	4.121858e+07
1156	3.998762e+07
1157	5.629264e+06
1158	4.290760e+07
1159	5.747155e+07
1160	5.324547e+06
1161	5.171427e+07
1162	6.176275e+07
1163	5.904417e+06
1164	5.296739e+07
1165	5.091657e+07
1166	4.442299e+06
1167	4.214978e+07
1168	4.399331e+07
1169	5.718195e+06
1170	4.172432e+07
1171	2.221403e+07
1172	7.831535e+06
1173	2.576319e+07
1174	1.725068e+07
1175	7.037493e+06
1176	1.021813e+07
1177	1.149846e+07
1178	9.608454e+06
1179	6.493420e+07
1180	6.635806e+05
1181	8.563685e+07
1182	3.550646e+07
1183	3.797692e+07
1184	1.519098e+08
1185	2.653289e+06
1186	6.696045e+05
1187	1.216680e+07
1188	6.801305e+06
1189	7.410041e+07
1190	5.112410e+05
1191	1.399644e+06
1192	8.667116e+05
1193	2.148488e+05
1194	3.838289e+05
1195	3.340981e+05
1196	6.492936e+07
1197	6.249279e+07
1198	3.756682e+06
1199	4.888151e+05
1200	6.325888e+06
1201	4.008797e+05
1202	1.016404e+07
1203	2.511080e+07
1204	3.574242e+06
1205	2.417142e+07
1206	2.698132e+06
1207	1.851553e+07
1208	1.925527e+08
1209	2.467054e+07
1210	1.271033e+08
1211	8.839079e+05
1212	1.753104e+08
1213	8.094900e+05
1214	3.289690e+05
1215	1.167050e+06
1216	4.140552e+05
1217	2.380416e+07
1218	8.504957e+06
1219	3.236438e+07
1220	1.765352e+06
1221	2.819342e+07
1222	3.966517e+06
1223	8.071766e+06
1224	1.181950e+07
1225	1.416448e+07
1226	3.432587e+07
1227	4.941960e+07
1228	2.867902e+07
1229	6.647419e+07
1230	6.759735e+07
1231	2.052748e+07
1232	9.477233e+07
1233	8.772924e+07
1234	1.713845e+07
1235	7.978225e+07
1236	7.618823e+07
1237	1.651176e+07
1238	9.560501e+07
1239	6.336964e+07
1240	1.269782e+07
1241	6.556042e+07
1242	5.073835e+07
1243	9.396891e+06
1244	3.719631e+07
1245	3.179726e+07
1246	6.316809e+06
1247	2.028319e+07
1248	1.521804e+07
1249	5.895933e+06
1250	1.546834e+07
1251	1.077016e+07
1252	5.881200e+06
1253	8.380533e+06
1254	7.946485e+06
1255	4.863543e+06
1256	6.124147e+06
1257	5.130650e+06
1258	9.981153e+05
1259	1.008589e+06
1260	1.594974e+06
1261	8.138432e+05
1262	5.097111e+06
1263	7.119144e+06
1264	8.943649e+06
1265	8.623954e+06
1266	1.206680e+07
1267	6.768678e+06
1268	1.475308e+07
1269	5.682465e+06
1270	1.718845e+07
1271	4.938274e+06
1272	4.838345e+06
1273	1.422465e+07
1274	3.689983e+06
1275	3.424890e+06
1276	1.480288e+07
1277	2.880750e+06
1278	2.726206e+06
1279	1.201461e+07
1280	2.671440e+06
1281	3.784830e+06
1282	1.554127e+07
1283	4.572549e+06
1284	4.087703e+06
1285	1.454457e+07
1286	4.307483e+06
1287	4.921551e+06
1288	1.357655e+07
1289	6.293298e+06
1290	7.146408e+06
1291	1.369771e+07
1292	9.395140e+06
1293	7.086012e+06
1294	9.088107e+06
1295	2.205682e+07
1296	2.882534e+07
1297	1.136481e+07
1298	3.938824e+08
1299	1.338418e+07
1300	1.673349e+07
1301	3.579064e+07
1302	2.813928e+07
1303	9.188660e+05
1304	3.595167e+06
1305	1.861676e+06
1306	1.061888e+07
1307	9.999496e+06
1308	1.341270e+07
1309	7.548775e+06
1310	1.501293e+07
1311	7.207234e+06
1312	1.920810e+07
1313	5.676139e+06
1314	1.868533e+07
1315	4.944002e+06
1316	2.159426e+07
1317	4.964999e+06
1318	2.711529e+07
1319	4.499887e+06
1320	2.273876e+07
1321	3.216377e+06
1322	2.345741e+07
1323	3.808586e+06
1324	2.393064e+07
1325	1.968289e+07
1326	4.538252e+06
1327	1.556771e+07
1328	1.640759e+07
1329	3.432321e+06
1330	1.214764e+07
1331	1.399954e+07
1332	5.365904e+06
1333	1.025033e+07
1334	7.312127e+06
1335	4.328537e+06
1336	6.647605e+06
1337	5.333000e+06
1338	4.488669e+06
1339	3.185971e+06
1340	4.717184e+06
1341	2.968496e+06
1342	6.254381e+06
1343	3.019248e+06
1344	6.252986e+06
1345	2.156996e+06
1346	8.449945e+06
1347	2.738635e+06
1348	9.416502e+06
1349	3.241136e+06
1350	9.456204e+06
1351	2.522758e+06
1352	1.308768e+07
1353	3.908622e+06
1354	1.175047e+07
1355	4.954824e+06
1356	1.402871e+07
1357	6.045944e+06
1358	1.672950e+07
1359	5.591902e+06
1360	1.468884e+07
1361	8.058583e+06
1362	1.568904e+07
1363	8.092737e+06
1364	2.013888e+07
1365	1.028732e+07
1366	1.487395e+07
1367	1.404189e+07
1368	1.427665e+07
1369	1.251348e+07
1370	2.798437e+07
1371	3.370085e+07
1372	4.903947e+07
1373	2.828453e+07
1374	5.873041e+07
1375	7.403605e+07
1376	2.004343e+07
1377	1.889977e+07
1378	8.825131e+07
1379	9.224054e+07
1380	1.891361e+07
1381	8.648838e+06
1382	7.078881e+07
1383	9.402061e+07
1384	9.541421e+06
1385	5.286659e+06
1386	9.224106e+07
1387	6.999536e+07
1388	7.618874e+06
1389	4.870277e+06
1390	5.951939e+07
1391	3.789625e+07
1392	4.933808e+06
1393	5.949840e+06
1394	4.167692e+07
1395	2.301683e+07
1396	5.725575e+06
1397	8.348670e+06
1398	2.316762e+07
1399	2.119516e+07
1400	8.559559e+06
1401	1.121160e+07
1402	1.267185e+07
1403	3.087381e+07
1404	3.244875e+05
1405	3.165637e+06
1406	1.418146e+08
1407	3.840609e+06
1408	1.150102e+07
1409	5.989352e+06
1410	6.569554e+06
1411	7.619716e+06
1412	6.387800e+06
1413	7.582651e+06
1414	1.348265e+07
1415	3.584636e+06
1416	1.621635e+07
1417	1.425644e+07
1418	6.340475e+06
1419	5.105985e+06
1420	2.237667e+07
1421	2.478640e+07
1422	5.919587e+06
1423	8.698584e+06
1424	3.720547e+07
1425	4.880614e+07
1426	8.024709e+06
1427	1.225454e+07
1428	3.730666e+07
1429	5.160482e+07
1430	1.563794e+07
1431	1.318265e+07
1432	5.867400e+07
1433	6.979376e+07
1434	2.385533e+07
1435	3.193497e+07
1436	4.669243e+07
1437	5.453390e+07
1438	3.885690e+07
1439	4.012416e+07
1440	3.956455e+07
1441	6.418417e+06
1442	8.166531e+07
1443	5.575105e+06
1444	1.112200e+07
1445	1.311682e+07
1446	7.651424e+06
1447	1.722033e+07
1448	7.264107e+06
1449	2.422902e+07
1450	6.384616e+06
1451	3.145308e+07
1452	6.206363e+06
1453	4.152829e+07
1454	5.762963e+06
1455	5.310117e+07
1456	6.784599e+06
1457	7.893077e+07
1458	7.209132e+06
1459	8.308335e+07
1460	1.180620e+07
1461	1.410656e+08
1462	1.027715e+07
1463	1.178033e+08
1464	1.391356e+07
1465	1.970934e+08
1466	2.346131e+07
1467	1.755853e+08
1468	2.339874e+07
1469	4.885133e+07
1470	1.399307e+08
1471	6.346413e+07
1472	5.721086e+07
1473	1.444592e+08
1474	1.095251e+08
1475	1.004730e+08
1476	2.059872e+07
1477	2.402958e+07
1478	2.855609e+07
1479	1.842176e+07
1480	3.015079e+07
1481	1.234924e+07
1482	2.890064e+07
1483	9.470910e+06
1484	2.945442e+07
1485	7.284339e+06
1486	3.720149e+07
1487	8.563666e+06
1488	3.276204e+07
1489	5.710276e+06
1490	3.193074e+07
1491	6.140628e+06
1492	2.866659e+07
1493	3.887511e+06
1494	2.720957e+07
1495	3.934231e+06
1496	1.974967e+07
1497	4.182358e+06
1498	2.009205e+07
1499	3.271913e+06
1500	1.820275e+07
1501	5.726035e+06
1502	1.246024e+07
1503	7.096069e+06
1504	1.166369e+07
1505	5.260091e+06
1506	1.119165e+07
1507	6.184615e+06
1508	5.745930e+05
1509	2.615709e+05
1510	4.633214e+06
1511	2.808586e+06
1512	1.807529e+06
1513	5.406365e+05
1514	2.036236e+07
1515	3.355877e+07
1516	5.882377e+05
1517	1.650210e+07
1518	2.521004e+07
1519	1.407846e+08
1520	9.219954e+06
1521	1.628203e+05
1522	4.018601e+06
1523	1.240974e+07
1524	8.489609e+06
1525	7.334623e+05
1526	1.423461e+06
1527	1.232699e+07
1528	2.600270e+07
1529	1.336755e+06
1530	1.767752e+08
1531	3.227273e+05
1532	2.000637e+07
1533	1.613093e+07
1534	4.703619e+06
1535	1.310035e+06
1536	1.226406e+08
1537	2.772313e+07
1538	1.017374e+07
1539	1.258593e+07
1540	3.020043e+07
1541	1.628463e+07
1542	1.246446e+07
1543	2.139262e+06
1544	2.501137e+08
1545	1.289900e+07
1546	9.296127e+05
1547	9.933673e+07
1548	1.082784e+07
1549	1.001898e+08
1550	2.027908e+07
1551	5.983071e+05
1552	2.590771e+07
1553	5.801369e+06
1554	2.134172e+07
1555	4.064358e+06
1556	3.742207e+06
1557	1.007493e+07
1558	8.516166e+07
1559	1.176088e+09
1560	2.301591e+06
1561	4.460536e+07
1562	4.164447e+06
1563	9.928213e+07
1564	5.820909e+06
1565	3.684109e+07
1566	9.623148e+06
1567	1.514301e+07
1568	1.776233e+07
1569	2.086483e+08
1570	1.749902e+07
1571	5.612900e+06
1572	2.223281e+08
1573	1.076170e+07
1574	4.579655e+07
1575	3.272400e+07
1576	1.003541e+07
1577	9.405531e+06
1578	2.084502e+08
1579	2.008530e+06
1580	1.113019e+07
1581	1.149701e+06
1582	1.286125e+07
1583	6.057364e+06
1584	5.619548e+05
1585	2.181053e+06
1586	6.728753e+06
1587	8.753388e+07
1588	1.052032e+08
1589	1.300179e+07
1590	8.021344e+07
1591	9.218897e+05
1592	5.049484e+06
1593	1.132984e+07
1594	1.019057e+08
1595	1.452898e+08
1596	4.741698e+06
1597	5.647504e+06
1598	1.743917e+07
1599	1.062491e+07
1600	1.412354e+07
1601	5.697249e+06
1602	6.688180e+07
1603	6.719015e+06
1604	2.242937e+07
1605	3.690437e+07
1606	6.827305e+05
1607	1.577615e+07
1608	3.444554e+07
1609	7.868338e+05
1610	3.479948e+07
1611	5.262353e+07
1612	1.173362e+06
1613	3.739707e+08
1614	7.191643e+06
1615	1.092525e+08
1616	1.377662e+08
1617	1.630685e+08
1618	1.190575e+08
1619	2.090219e+08
1620	6.811562e+07
1621	1.956378e+08
1622	4.352020e+07
1623	1.240852e+08
1624	3.552395e+07
1625	1.405429e+08
1626	3.048150e+07
1627	2.550585e+07
1628	8.598670e+07
1629	1.239479e+07
1630	1.569717e+07
1631	5.600906e+07
1632	1.341478e+07
1633	7.686634e+06
1634	6.108185e+07
1635	8.190847e+06
1636	6.556096e+06
1637	5.399045e+07
1638	6.176651e+06
1639	6.874277e+06
1640	2.682740e+07
1641	8.021781e+06
1642	7.797099e+06
1643	2.608217e+07
1644	1.111238e+07
1645	1.490506e+07
1646	1.484905e+07
1647	9.043106e+06
1648	5.339504e+06
1649	5.340743e+06
1650	4.736448e+06
1651	6.554392e+05
1652	1.554229e+08
1653	6.723691e+06
1654	7.177699e+06
1655	1.113250e+07
1656	1.535672e+07
1657	4.922751e+06
1658	3.593413e+07
1659	8.365085e+06
1660	3.519368e+06
1661	3.384980e+08
1662	2.608068e+06
1663	4.345879e+06
1664	2.997218e+07
1665	4.502881e+05
1666	1.094075e+07
1667	1.086934e+07
1668	8.610663e+06
1669	4.713784e+07
1670	1.856131e+07
1671	8.230090e+05
1672	8.545084e+06
1673	9.752434e+05
1674	6.338266e+06
1675	3.152566e+07
1676	1.844749e+07
1677	1.828618e+07
1678	2.232982e+07
1679	5.978271e+06
1680	1.090290e+07
1681	2.405658e+07
1682	1.577661e+07
1683	9.942126e+06
1684	2.461502e+06
1685	1.353884e+06
1686	1.405599e+07
1687	7.562209e+06
1688	2.268590e+07
1689	2.015862e+07
1690	5.788547e+06
1691	8.882291e+06
1692	1.551585e+06
1693	1.087144e+06
1694	4.666509e+06
1695	2.560947e+06
1696	8.785456e+06
1697	4.854362e+06
1698	1.347185e+07
1699	3.020628e+07
1700	5.505339e+06
1701	1.948560e+07
1702	5.800855e+07
1703	1.152814e+07
1704	1.113329e+06
1705	1.657802e+07
1706	6.296327e+06
1707	2.135664e+06
1708	2.590386e+07
1709	1.853402e+07
1710	3.198778e+07
1711	1.639115e+07
1712	3.164974e+07
1713	1.620378e+07
1714	3.367766e+07
1715	1.202853e+07
1716	3.012375e+07
1717	1.259152e+07
1718	3.572373e+07
1719	8.066057e+06
1720	3.013378e+07
1721	7.734225e+06
1722	3.116771e+07
1723	5.957594e+06
1724	2.552517e+07
1725	3.813994e+06
1726	2.700139e+07
1727	4.546217e+06
1728	2.307255e+07
1729	4.732625e+06
1730	1.606943e+07
1731	3.976429e+06
1732	1.352057e+07
1733	4.534870e+06
1734	1.150088e+07
1735	3.513080e+06
1736	6.370022e+06
1737	3.782501e+06
1738	7.292420e+06
1739	6.783839e+06
1740	5.843066e+07
1741	5.227448e+08
1742	1.025766e+06
1743	9.237583e+06
1744	1.128601e+07
1745	1.058830e+07
1746	1.135118e+07
1747	9.207650e+06
1748	9.374117e+06
1749	8.136454e+06
1750	9.192265e+06
1751	7.137685e+06
1752	1.172045e+07
1753	6.588513e+06
1754	6.515469e+06
1755	8.864765e+06
1756	9.582405e+06
1757	4.614800e+06
1758	4.284313e+06
1759	7.361993e+06
1760	7.566623e+06
1761	4.286498e+06
1762	3.525580e+06
1763	4.776484e+06
1764	4.718977e+06
1765	3.336176e+06
1766	2.559265e+06
1767	3.994168e+06
1768	3.473399e+06
1769	2.225614e+06
1770	2.419816e+06
1771	4.053866e+06
1772	3.718571e+06
1773	2.077612e+06
1774	2.718054e+06
1775	8.621316e+05
1776	4.317095e+07
1777	7.849997e+06
1778	1.673382e+06
1779	6.455965e+06
1780	1.186004e+07
1781	3.095631e+06
1782	1.111361e+07
1783	1.393015e+07
1784	3.172335e+07
1785	1.202962e+06
1786	1.267293e+06
1787	4.721723e+07
1788	6.038203e+06
1789	1.252104e+06
1790	5.050521e+06
1791	2.577160e+07
1792	5.262138e+06
1793	1.442348e+06
1794	2.931266e+07
1795	7.624620e+06
1796	1.054636e+07
1797	3.084172e+07
1798	3.823376e+06
1799	5.583842e+06
1800	9.873175e+07
1801	3.202234e+08
1802	1.320220e+07
1803	4.220054e+07
1804	1.152901e+07
1805	4.619361e+07
1806	1.293721e+07
1807	6.526990e+06
1808	3.163195e+08
1809	4.198248e+07
1810	4.445862e+08
1811	3.229882e+07
1812	1.036039e+07
1813	1.250075e+07
1814	9.587926e+06
1815	3.886131e+07
1816	1.343428e+07
1817	2.927627e+08
1818	1.138465e+07
1819	1.593329e+06
1820	9.887375e+06
1821	5.750046e+06
1822	2.553636e+08
1823	1.152258e+07
1824	4.000315e+07
1825	2.163192e+07
1826	1.049213e+07
1827	1.180791e+07
1828	1.327710e+07
1829	1.146537e+07
1830	1.173832e+07
1831	7.338817e+06
1832	1.255523e+07
1833	6.360435e+06
1834	1.274801e+07
1835	7.172024e+06
1836	1.063176e+07
1837	4.436083e+06
1838	4.834271e+06
1839	1.194047e+07
1840	7.735826e+06
1841	4.049083e+06
1842	2.908982e+06
1843	8.779553e+06
1844	3.059942e+06
1845	1.980515e+06
1846	9.834430e+06
1847	2.186235e+06
1848	2.597653e+06
1849	6.297259e+06
1850	2.217309e+06
1851	2.136258e+06
1852	6.747267e+06
1853	2.758257e+06
1854	3.766085e+06
1855	3.830481e+06
1856	4.042692e+06
1857	4.697428e+06
1858	2.569636e+07
1859	9.810935e+07
1860	3.992131e+07
1861	6.215389e+06
1862	4.580429e+06
1863	4.964137e+06
1864	2.222960e+08
1865	8.626185e+06
1866	1.630356e+07
1867	5.904800e+07
1868	8.041948e+06
1869	7.605931e+07
1870	1.330800e+07
1871	1.547175e+07
1872	4.339908e+06
1873	3.339772e+06
1874	8.957082e+06
1875	3.311611e+06
1876	9.493353e+06
1877	4.049639e+07
1878	6.223058e+06
1879	4.182479e+06
1880	8.752190e+06
1881	6.943371e+06
1882	8.044151e+05
1883	1.585375e+08
1884	1.092923e+08
1885	1.037854e+08
1886	9.598984e+07
1887	7.994749e+07
1888	1.569077e+08
1889	6.409883e+07
1890	4.653300e+07
1891	1.140596e+08
1892	3.897199e+07
1893	2.504939e+07
1894	1.029476e+08
1895	2.168138e+07
1896	1.379498e+07
1897	8.618340e+07
1898	1.288936e+07
1899	8.084016e+06
1900	5.444673e+07
1901	9.092000e+06
1902	6.778723e+06
1903	5.085034e+07
1904	5.788275e+06
1905	6.775271e+06
1906	4.034076e+07
1907	5.888247e+06
1908	6.169514e+06
1909	2.990336e+07
1910	6.153045e+06
1911	9.984510e+06
1912	2.345046e+07
1913	1.188743e+07
1914	1.369950e+07
1915	2.047590e+08
1916	1.050557e+07
1917	6.367445e+07
1918	1.059357e+07
1919	2.391735e+08
1920	5.585398e+05
1921	1.552553e+07
1922	1.391028e+05
1923	1.592172e+07
1924	1.678967e+07
1925	9.224275e+05
1926	7.001640e+07
1927	1.246216e+07
1928	7.664189e+07
1929	3.250804e+08
1930	1.491512e+07
1931	1.055067e+07
1932	5.882444e+07
1933	2.761215e+07
1934	5.350708e+07
1935	1.360076e+07
1936	4.454179e+06
1937	1.405407e+07
1938	2.345918e+07
1939	1.119117e+07
1940	1.968183e+07
1941	5.258535e+07
1942	1.161659e+06
1943	8.310652e+06
1944	2.912623e+07
1945	9.038184e+06
1946	2.196850e+06
1947	3.752713e+06
1948	8.971516e+06
1949	1.910214e+07
1950	2.241275e+07
1951	5.340115e+06
1952	1.102485e+07
1953	2.511565e+07
1954	7.256388e+06
1955	6.647256e+06
1956	1.208503e+06
1957	6.852086e+06
1958	2.040879e+07
1959	6.262985e+06
1960	5.526340e+07
1961	4.788269e+07
1962	6.364804e+06
1963	7.835327e+06
1964	2.850466e+06
1965	2.747171e+05
1966	1.937107e+07
1967	6.995389e+06
1968	2.600024e+07
1969	1.583377e+07
1970	8.610528e+06
1971	2.240347e+07
1972	2.999541e+07
1973	2.225605e+07
1974	8.787363e+06
1975	5.008677e+06
1976	1.113433e+08
1977	1.853390e+06
1978	1.206115e+08
1979	4.572262e+07
1980	2.056041e+07
1981	2.400457e+06
1982	1.008854e+09
1983	1.431357e+07
1984	3.430636e+07
1985	9.519587e+06
1986	6.790248e+06
1987	2.708698e+07
1988	7.022412e+06
1989	6.477645e+06
1990	7.263194e+06
1991	3.059061e+07
1992	4.787664e+06
1993	3.526902e+07
1994	3.747488e+07
1995	2.463535e+08
1996	3.703263e+06
1997	2.652759e+06
1998	4.661667e+07
1999	3.826924e+06
2000	8.498840e+06
2001	6.297467e+07
2002	1.722768e+07
2003	3.177116e+07
2004	1.024061e+06
2005	3.177828e+06
2006	1.378920e+08
2007	8.881884e+06
2008	3.736746e+07
2009	1.189898e+07
2010	1.342620e+06
2011	2.227282e+08
2012	9.293646e+07
2013	5.293926e+07
2014	2.517146e+07
2015	1.269632e+06
2016	1.356431e+07
2017	2.297710e+06
2018	6.964617e+06
2019	1.895615e+07
2020	2.710875e+06
2021	1.261313e+07
2022	1.582609e+06
2023	1.090132e+07
2024	1.716166e+07
2025	8.093278e+06
2026	4.249202e+07
2027	4.262742e+07
2028	3.429514e+07
2029	1.455386e+07
2030	5.046781e+06
2031	3.202788e+07
2032	1.445513e+08
2033	7.152764e+06
2034	5.920781e+05
2035	2.145975e+07
2036	2.857970e+07
2037	1.395977e+07
2038	2.262544e+07
2039	2.170062e+07
2040	3.997644e+07
2041	4.737839e+06
2042	1.469618e+06
2043	7.430701e+06
2044	4.902664e+06
2045	4.645330e+06
2046	1.913964e+07
2047	1.178703e+08
2048	6.350709e+07
2049	8.651924e+06
2050	2.303477e+08
2051	6.975412e+06
2052	6.189200e+05
2053	2.564052e+06
2054	5.919740e+06
2055	3.185151e+05
2056	5.452564e+06
2057	7.244290e+07
2058	2.364136e+08
2059	1.714400e+07
2060	1.638338e+07
2061	1.056034e+07
2062	5.044892e+06
2063	9.305951e+06
2064	1.427239e+08
2065	5.520669e+07
2066	4.107868e+06
2067	8.005886e+06
2068	8.715349e+06
2069	1.453231e+07
2070	1.446048e+07
2071	1.070651e+07
2072	5.835193e+06
2073	1.297802e+08
2074	4.443309e+06
2075	9.889717e+05
2076	2.591271e+06
2077	3.132286e+07
2078	4.163280e+06
2079	1.546122e+07
2080	5.758988e+06
2081	6.784183e+07
2082	5.292933e+06
2083	4.174166e+07
2084	2.687872e+06
2085	2.799748e+07
2086	9.754795e+06
2087	1.187863e+06
2088	1.037719e+07
2089	1.539235e+07
2090	1.240598e+08
2091	1.904403e+06
2092	5.425571e+06
2093	2.228998e+06
2094	1.080557e+06
2095	1.969200e+06
2096	4.582485e+06
2097	8.117189e+06
2098	1.128264e+06
2099	9.485647e+07
2100	1.121402e+06
2101	7.034780e+06
2102	6.392191e+06
2103	4.240654e+06
2104	8.353033e+06
2105	1.981874e+07
2106	7.564131e+06
2107	4.230086e+07
2108	9.129896e+06
2109	1.792865e+07
2110	1.776423e+07
2111	1.419074e+07
2112	9.967864e+06
2113	3.193580e+07
2114	4.203154e+06
2115	8.508140e+07
2116	1.935260e+07
2117	4.799221e+06
2118	1.445479e+07
2119	1.405463e+07
2120	8.073639e+06
2121	4.070995e+08
2122	2.821009e+07
2123	4.598708e+07
2124	7.452398e+06
2125	1.481339e+07
2126	1.011245e+07
2127	6.528526e+07
2128	2.389264e+07
2129	3.278603e+07
2130	4.091575e+07
2131	1.030824e+07
2132	9.359863e+05
2133	1.023644e+07
2134	1.573112e+07
2135	2.569121e+07
2136	1.344431e+07
2137	1.615530e+07
2138	3.493700e+06
2139	3.446848e+06
2140	1.174829e+08
2141	4.581681e+06
2142	4.866015e+06
2143	3.482886e+06
2144	2.327764e+07
2145	7.576826e+07
2146	2.636668e+06
2147	1.841351e+07
2148	1.105058e+07
2149	1.315055e+06
2150	1.455724e+06
2151	1.830554e+06
2152	9.410861e+06
2153	4.786792e+06
2154	2.533840e+06
2155	6.900873e+06
2156	2.868561e+06
2157	1.874978e+07
2158	1.060046e+06
2159	6.318524e+07
2160	3.753439e+07
2161	4.067030e+06
2162	1.182930e+07
2163	1.384683e+08
2164	4.171203e+06
2165	1.036379e+07
2166	8.050909e+06
2167	1.832524e+07
2168	1.168295e+07
2169	8.642014e+07
2170	2.781944e+07
2171	9.196010e+06
2172	1.070216e+07
2173	8.069130e+05
2174	1.324057e+07
2175	1.351002e+07
2176	2.056814e+07
2177	4.430999e+06
2178	1.208404e+07
2179	8.255359e+06
2180	5.632091e+07
2181	2.380451e+07
2182	4.381964e+06
2183	2.216283e+07
2184	1.165028e+07
2185	9.527350e+06
2186	9.483994e+06
2187	4.289794e+07
2188	9.684247e+07
2189	1.958371e+06
2190	1.757695e+08
2191	4.547432e+06
2192	1.681390e+07
2193	9.900332e+06
2194	1.338481e+07
2195	1.715490e+07
2196	4.278373e+06
2197	1.110358e+08
2198	1.139176e+07
2199	3.604975e+06
2200	4.000493e+06
2201	1.084761e+07
2202	1.518519e+07
2203	6.503630e+07
2204	5.328850e+06
2205	1.136351e+07
2206	1.518850e+06
2207	2.333429e+07
2208	4.218592e+06
2209	1.062202e+07
2210	7.508445e+06
2211	1.529453e+07
2212	2.064120e+08
2213	2.497254e+06
2214	7.279931e+06
2215	2.154110e+08
2216	5.881543e+06
2217	3.317632e+06
2218	3.821295e+07
2219	2.409744e+06
2220	4.841164e+06
2221	1.231018e+07
2222	6.825313e+06
2223	4.645765e+06
2224	1.223850e+07
2225	3.531308e+07
2226	6.657410e+07
2227	1.151908e+08
2228	2.330322e+07
2229	2.456780e+07
2230	2.065285e+06
2231	3.988198e+07
2232	1.214710e+08
2233	2.406003e+07
2234	1.030101e+08
2235	3.805581e+06
2236	1.606946e+07
2237	1.711062e+07
2238	4.047028e+06
2239	1.525618e+06
2240	3.730493e+06
2241	5.069282e+06
2242	3.007008e+07
2243	5.527955e+07
2244	4.842844e+07
2245	1.933362e+07
2246	1.655672e+08
2247	9.313895e+06
2248	9.587313e+06
2249	1.536368e+08
2250	1.483718e+08
2251	4.694539e+07
2252	3.310520e+06
2253	1.188545e+07
2254	2.393524e+07
2255	2.823462e+07
2256	3.902236e+07
2257	9.390846e+06
2258	4.912892e+07
2259	1.033734e+07
2260	1.951203e+06
2261	2.023105e+07
2262	1.724410e+07
2263	6.234792e+06
2264	2.145423e+07
2265	1.247160e+07
2266	5.817461e+07
2267	9.866416e+06
2268	5.717848e+06
2269	4.807623e+06
2270	2.580120e+06
2271	2.545956e+07
2272	3.738484e+07
2273	1.138486e+07
2274	1.759260e+07
2275	3.673052e+07
2276	5.392298e+06
2277	9.611524e+06
2278	1.375619e+08
2279	1.963994e+07
2280	2.682415e+07
2281	1.188335e+08
2282	2.164731e+07
2283	2.940001e+07
2284	1.783123e+06
2285	9.606132e+05
2286	4.821943e+07
2287	3.082688e+07
2288	2.830595e+07
2289	9.068674e+06
2290	2.475770e+06
2291	2.973287e+06
2292	6.918753e+07
2293	1.365392e+07
2294	1.832217e+07
2295	5.548255e+06
2296	1.152692e+07
2297	1.320206e+07
2298	5.629659e+06
2299	2.174188e+07
2300	3.275472e+06
2301	1.280575e+08
2302	6.373693e+06
2303	5.090616e+07
2304	1.294533e+07
2305	2.955049e+07
2306	1.348299e+08
2307	1.337441e+06
2308	1.547934e+06
2309	1.192138e+06
2310	1.576437e+07
2311	1.399093e+08
2312	1.690506e+07
2313	1.054844e+07
2314	2.141250e+06
2315	1.310981e+07
2316	2.874994e+07
2317	1.128003e+06
2318	1.413126e+07
2319	1.210138e+08
2320	8.302716e+06
2321	1.396415e+07
2322	1.160903e+06
2323	8.927986e+06
2324	7.943430e+06
2325	2.793338e+07
2326	2.974472e+07
2327	1.381481e+06
2328	1.937565e+06
2329	1.313542e+06
2330	1.027483e+07
2331	3.074215e+07
2332	7.162912e+07
2333	1.811710e+07
2334	6.699350e+06
2335	3.949878e+06
2336	1.632900e+07
2337	4.515321e+08
2338	1.412760e+06
2339	5.054750e+06
2340	2.136770e+06
2341	1.653075e+07
2342	1.173018e+06
2343	2.475269e+07
2344	2.858878e+06
2345	2.958955e+07
2346	2.828567e+06
2347	1.187753e+07
2348	1.213881e+07
2349	1.838933e+07
2350	1.966581e+07
2351	3.795085e+06
2352	4.437392e+07
2353	4.351530e+06
2354	2.138235e+08
2355	2.552518e+07
2356	1.110865e+07
2357	8.449996e+06
2358	2.527904e+07
2359	9.349639e+06
2360	4.199041e+07
2361	2.101817e+08
2362	2.579696e+07
2363	2.413333e+07
2364	4.433108e+05
2365	2.027411e+05
2366	4.801787e+06
2367	1.025348e+08
2368	8.837070e+07
2369	1.689357e+06
2370	1.305278e+06
2371	4.287754e+07
2372	3.008187e+07
2373	8.091553e+06
2374	1.834240e+07
2375	7.313068e+07
2376	1.729289e+06
2377	3.944821e+06
2378	7.521351e+06
2379	1.059963e+07
2380	9.272082e+06
2381	1.011691e+06
2382	1.432763e+07
2383	6.274106e+05
2384	1.005760e+07
2385	1.208024e+07
2386	6.025103e+07
2387	5.623686e+07
2388	1.887415e+07
2389	3.292266e+08
2390	8.420925e+05
2391	8.806450e+06
2392	1.624912e+06
2393	8.448352e+05
2394	5.454876e+07
2395	2.512110e+07
2396	1.723980e+06
2397	3.053878e+06
2398	2.173987e+07
2399	2.088067e+07
2400	8.546714e+06
2401	2.566197e+06
2402	1.221843e+08
2403	1.000135e+07
2404	1.444879e+08
2405	1.743819e+07
2406	1.113077e+06
2407	3.842869e+06
2408	9.244737e+06
2409	8.490806e+06
2410	1.203270e+07
2411	1.166149e+06
2412	6.689893e+06
2413	8.763739e+06
2414	1.087818e+07
2415	1.600121e+07
2416	5.217414e+07
2417	8.290352e+06
2418	8.622182e+06
2419	2.337714e+07
2420	1.068711e+08
2421	1.451834e+07
2422	2.379354e+07
2423	2.685158e+06
2424	1.991862e+05
2425	7.729687e+07
2426	1.902403e+07
2427	2.091877e+07
2428	1.278335e+07
2429	4.545707e+05
2430	3.193979e+05
2431	5.532968e+06
2432	1.202922e+06
2433	4.000195e+06
2434	4.633260e+07
2435	1.778137e+08
2436	1.109765e+07
2437	1.309678e+07
2438	1.080865e+06
2439	3.651578e+06
2440	4.973559e+05
2441	5.330086e+07
2442	6.847863e+06
2443	8.322571e+06
2444	5.093019e+05
2445	1.641086e+07
2446	3.827375e+07
2447	1.670957e+07
2448	1.461008e+07
2449	1.537342e+06
2450	2.281428e+06
2451	1.634591e+08
2452	1.903119e+07
2453	1.359836e+07
2454	7.558984e+07
2455	3.448755e+07
2456	1.377607e+07
2457	5.617148e+07
2458	9.569580e+06
2459	7.926067e+06
2460	5.986502e+06
2461	2.862856e+07
2462	1.742193e+07
2463	2.522089e+07
2464	9.260230e+05
2465	1.379551e+08
2466	1.625198e+06
2467	1.984778e+07
2468	1.318184e+07
2469	2.363306e+06
2470	2.600542e+06
2471	6.796347e+06
2472	9.670026e+05
2473	1.027998e+07
2474	5.189163e+05
2475	1.341661e+07
2476	1.607060e+08
2477	3.413539e+07
2478	1.317037e+07
2479	2.255571e+08
2480	7.093667e+06
2481	2.092559e+07
2482	1.238877e+07
2483	4.867010e+05
2484	7.202929e+05
2485	7.275277e+05
2486	1.008713e+06
2487	3.451372e+07
2488	3.068587e+06
2489	6.299630e+07
2490	9.901313e+06
2491	6.239765e+05
2492	6.621532e+06
2493	6.769406e+06
2494	3.499394e+07
2495	1.538759e+07
2496	3.378800e+06
2497	1.181142e+07
2498	2.289720e+08
2499	1.514987e+07
2500	5.774172e+06
2501	1.058676e+06
2502	1.245726e+06
2503	2.748899e+07
2504	3.524251e+07
2505	1.131904e+07
2506	5.385782e+07
2507	1.425721e+07
2508	7.013370e+06
2509	5.932973e+06
2510	2.821688e+07
2511	7.161495e+06
2512	6.903399e+06
2513	4.356472e+07
2514	2.185893e+06
2515	1.877082e+06
2516	6.673392e+06
2517	7.673262e+07
2518	1.078803e+07
2519	1.877145e+07
2520	7.282576e+06
2521	3.179098e+07
2522	1.552773e+08
2523	6.144204e+06
2524	8.416758e+07
2525	2.330096e+07
2526	1.291864e+07
2527	4.712703e+06
2528	8.529042e+06
2529	1.178849e+07
2530	6.384460e+06
2531	2.969880e+06
2532	3.028542e+07
2533	6.582317e+06
2534	8.389399e+05
2535	1.654893e+07
2536	9.001821e+05
2537	5.562667e+05
2538	4.863825e+05
2539	3.539957e+06
2540	1.001759e+08
2541	9.512563e+06
2542	6.145733e+06
2543	8.675116e+06
2544	2.859606e+07
2545	5.319421e+07
2546	4.561053e+07
2547	1.978674e+06
2548	1.933002e+07
2549	6.300821e+07
2550	2.105735e+07
2551	1.079625e+07
2552	4.531797e+05
2553	1.013644e+06
2554	1.467682e+06
2555	4.505758e+06
2556	2.699066e+07
2557	5.724293e+06
2558	1.428145e+07
2559	3.227745e+06
2560	3.893807e+07
2561	1.813202e+08
2562	5.224589e+07
2563	1.932024e+07
2564	2.505086e+07
2565	5.235448e+07
2566	1.183081e+08
2567	2.367550e+07
2568	6.642711e+05
2569	4.384028e+06
2570	1.150972e+07
2571	3.537781e+07
2572	2.783648e+06
2573	6.591875e+07
2574	8.119516e+06
2575	1.009067e+08
2576	1.685232e+07
2577	2.595406e+07
2578	7.281670e+06
2579	4.506940e+07
2580	4.726570e+07
2581	2.081873e+07
2582	7.734896e+07
2583	1.362714e+06
2584	1.099965e+08
2585	2.830885e+07
2586	1.749791e+07
2587	2.926925e+07
2588	4.566111e+06
2589	7.418092e+06
2590	6.970194e+06
2591	4.962165e+07
2592	4.594681e+06
2593	1.202201e+07
2594	2.811677e+07
2595	1.751520e+07
2596	1.577842e+06
2597	3.296310e+07
2598	2.501829e+06
2599	2.078574e+07
2600	1.514838e+07
2601	5.273784e+07
2602	6.800935e+06
2603	4.801228e+07
2604	1.205150e+07
2605	7.736146e+06
2606	2.534236e+08
2607	1.648073e+07
2608	4.304753e+06
2609	2.913579e+07
2610	3.970772e+07
2611	4.177270e+06
2612	3.796585e+07
2613	4.881197e+07
2614	1.075540e+07
2615	6.012813e+06
2616	1.504672e+06
2617	3.262928e+06
2618	4.641911e+07
2619	2.358877e+07
2620	2.923041e+06
2621	1.199714e+07
2622	1.662895e+06
2623	6.019852e+07
2624	8.732040e+06
2625	2.800912e+07
2626	3.204976e+07
2627	1.082615e+08
2628	2.139014e+07
2629	2.140960e+07
2630	4.787166e+06
2631	1.682934e+07
2632	1.657868e+07
2633	9.860022e+06
2634	1.560063e+08
2635	2.307359e+07
2636	3.217874e+06
2637	2.614734e+07
2638	1.198499e+07
2639	1.362418e+07
2640	4.609233e+06
2641	1.000742e+08
2642	5.729295e+06
2643	1.688313e+07
2644	3.172767e+07
2645	1.868798e+07
2646	1.823106e+07
2647	2.254730e+07
2648	1.913885e+07
2649	8.114198e+05
2650	2.369624e+07
2651	5.182169e+06
2652	7.157837e+07
2653	1.060373e+07
2654	2.080420e+06
2655	4.188282e+07
2656	6.198792e+06
2657	1.347967e+07
2658	1.487301e+06
2659	2.129833e+07
2660	3.738381e+06
2661	6.826105e+06
2662	1.160712e+07
2663	1.106711e+06
2664	1.620329e+07
2665	2.466904e+07
2666	1.702805e+07
2667	5.788340e+07
2668	2.122084e+08
2669	6.556629e+07
2670	2.327491e+07
2671	8.864724e+06
2672	1.581480e+07
2673	2.999745e+07
2674	1.593292e+07
2675	7.341780e+06
2676	3.421394e+07
2677	3.649824e+06
2678	1.770568e+08
2679	1.404089e+06
2680	3.360364e+07
2681	7.288671e+07
2682	8.334724e+06
2683	9.267856e+06
2684	1.182623e+06
2685	1.652554e+07
2686	1.358544e+07
2687	1.711255e+08
2688	1.677294e+06
2689	1.072424e+07
2690	5.187397e+07
2691	3.766196e+07
2692	2.244725e+07
2693	2.950086e+07
2694	4.006710e+07
2695	1.030014e+07
2696	6.604585e+07
2697	7.161994e+06
2698	5.176988e+07
2699	3.644713e+07
2700	1.803156e+07
2701	1.417805e+07
2702	4.639459e+07
2703	1.007004e+07
2704	1.679819e+07
2705	2.787359e+07
2706	2.540804e+07
2707	1.397874e+07
2708	2.146040e+07
2709	1.809055e+07
2710	1.052882e+08
2711	2.592571e+07
2712	2.840774e+07
2713	1.279829e+07
2714	6.558413e+06
2715	3.304921e+07
2716	9.685386e+07
2717	6.671249e+07
2718	2.637850e+07
2719	1.695565e+08
2720	5.050363e+06
2721	8.026053e+05
2722	7.264604e+06
2723	3.018062e+06
2724	1.047518e+07
2725	2.624207e+07
2726	4.806158e+06
2727	3.972918e+07
2728	1.009749e+08
2729	5.629301e+06
2730	1.941268e+07
2731	2.089121e+07
2732	5.307616e+06
2733	2.052143e+07
2734	2.694942e+06
2735	6.288057e+07
2736	4.960619e+06
2737	7.376205e+05
2738	8.489891e+07
2739	3.873286e+06
2740	5.904728e+06
2741	7.497903e+06
2742	1.195225e+07
2743	2.531202e+07
2744	6.707818e+06
2745	2.694923e+07
2746	1.948231e+07
2747	7.457775e+06
2748	1.004291e+08
2749	7.106542e+06
2750	2.624250e+06
2751	1.569170e+08
2752	7.900086e+05
2753	3.688184e+06
2754	1.375918e+07
2755	3.131175e+07
2756	3.495544e+07
2757	4.903357e+06
2758	1.721187e+07
2759	2.169765e+07
2760	7.946298e+06
2761	5.026632e+07
2762	2.438125e+07
2763	1.397406e+06
2764	2.647714e+06
2765	1.606442e+07
2766	2.244073e+08
2767	1.353095e+07
2768	9.657213e+07
2769	9.429172e+06
2770	9.738025e+05
2771	1.128222e+07
2772	6.585099e+06
2773	4.610085e+07
2774	3.055435e+06
2775	2.887347e+06
2776	3.958367e+07
2777	1.375709e+06
2778	4.340294e+07
2779	8.312807e+06
2780	1.280405e+07
2781	2.741023e+08
2782	1.708901e+07
2783	2.652131e+07
2784	1.844627e+07
2785	9.714856e+07
2786	1.108171e+07
2787	1.759773e+08
2788	1.275633e+07
2789	4.085868e+07
2790	1.539041e+08
2791	1.299484e+07
2792	2.235555e+06
2793	1.364403e+07
2794	5.491510e+06
2795	6.519891e+06
2796	9.795120e+06
2797	9.962137e+06
2798	2.831801e+07
2799	1.792442e+07
2800	9.671507e+07
2801	1.427914e+07
2802	6.876575e+06
2803	2.646224e+07
2804	1.662902e+07
2805	2.179029e+06
2806	3.069772e+07
2807	7.775498e+07
2808	4.931333e+07
2809	8.754545e+06
2810	1.805285e+08
2811	8.527060e+06
2812	9.473761e+05
2813	2.703514e+07
2814	5.885103e+07
2815	1.755491e+07
2816	5.362620e+07
2817	7.065456e+06
2818	1.569446e+06
2819	1.476034e+06
2820	5.264531e+06
2821	1.001059e+07
2822	4.469420e+07
2823	2.263640e+07
2824	1.370437e+06
2825	3.922582e+07
2826	2.304858e+07
2827	5.142415e+07
2828	7.354489e+07
2829	3.783226e+07
2830	2.432982e+07
2831	5.085261e+06
2832	2.119999e+07
2833	4.171132e+07
2834	8.542352e+06
2835	2.824432e+07
2836	5.660276e+07
2837	5.714146e+06
2838	1.819521e+07
2839	1.602126e+07
2840	3.896541e+06
2841	3.410205e+07
2842	2.171062e+07
2843	1.056956e+07
2844	4.806148e+07
2845	4.262750e+07
2846	9.255707e+06
2847	9.272972e+05
2848	1.268996e+08
2849	9.826612e+06
2850	9.727188e+06
2851	2.161437e+08
2852	4.686008e+07
2853	8.390679e+06
2854	1.154600e+08
2855	1.069198e+07
2856	1.215546e+07
2857	6.489073e+06
2858	1.431051e+07
2859	1.395059e+06
2860	1.105944e+07
2861	6.369716e+06
2862	5.310476e+05
2863	3.767116e+06
2864	6.010277e+06
2865	2.500325e+08
2866	1.309691e+06
2867	4.474147e+07
2868	3.051503e+07
2869	3.363616e+07
2870	8.995317e+06
2871	5.646977e+05
2872	7.852249e+07
2873	3.258332e+08
2874	6.205838e+06
2875	1.606032e+07
2876	1.622480e+06
2877	1.333487e+07
2878	1.156985e+07
2879	2.994827e+07
2880	2.520645e+07
2881	1.313749e+08
2882	6.925315e+05
2883	2.329131e+07
2884	1.512018e+08
2885	1.448477e+06
2886	2.244938e+07
2887	1.250447e+07
2888	5.961848e+07
2889	6.639692e+06
2890	1.378502e+07
2891	2.794925e+08
2892	1.851468e+07
2893	2.618327e+07
2894	2.912624e+07
2895	1.334495e+07
2896	1.470408e+07
2897	1.418287e+07
2898	1.662094e+07
2899	7.661872e+06
2900	3.314899e+07
2901	8.515669e+06
2902	2.114282e+08
2903	1.079030e+07
2904	7.765276e+06
2905	2.608436e+06
2906	6.556764e+07
2907	1.079359e+07
2908	9.362569e+06
2909	4.987476e+05
2910	2.782018e+07
2911	1.936732e+07
2912	5.118429e+07
2913	2.476575e+07
2914	3.210412e+07
2915	7.164925e+06
2916	1.627012e+07
2917	3.656665e+07
2918	9.500025e+06
2919	8.549273e+06
2920	4.169242e+07
2921	2.230159e+07
2922	2.379309e+07
2923	2.589664e+07
2924	6.287157e+06
2925	1.457331e+07
2926	6.102346e+07
2927	4.622498e+07
2928	1.463026e+07
2929	1.767450e+07
2930	8.917724e+06
2931	1.980771e+07
2932	9.717193e+06
2933	4.652714e+07
2934	1.682196e+07
2935	9.026207e+05
2936	1.141197e+07
2937	6.153207e+07
2938	6.206475e+06
2939	2.695119e+07
2940	1.016465e+07
2941	1.007063e+07
2942	4.121896e+07
2943	7.586812e+06
2944	8.853582e+06
2945	3.491453e+06
2946	4.532553e+06
2947	2.073505e+07
2948	3.101332e+07
2949	1.188186e+07
2950	3.595659e+06
2951	1.009659e+08
2952	1.042714e+08
2953	1.669591e+07
2954	1.785699e+07
2955	9.567501e+07
2956	1.237368e+07
2957	1.255414e+07
2958	2.095485e+08
2959	1.086218e+07
2960	1.801523e+06
2961	2.089822e+07
2962	5.860864e+07
2963	3.578931e+07
2964	1.577342e+06
2965	1.280980e+07
2966	1.028676e+07
2967	1.234367e+07
2968	2.340238e+07
2969	1.466443e+07
2970	2.467740e+07
2971	6.625780e+07
2972	9.325740e+07
2973	3.485158e+07
2974	1.093320e+08
2975	1.098171e+08
2976	1.030717e+08
2977	2.594892e+07
2978	1.061300e+07
2979	6.087425e+06
2980	1.000760e+08
2981	4.044994e+06
2982	1.838122e+07
2983	4.494503e+07
2984	4.473869e+07
2985	6.703049e+06
2986	1.264197e+07
2987	2.854803e+07
2988	3.395380e+08
2989	2.999464e+07
2990	2.899469e+07
2991	1.699041e+08
2992	1.376649e+08
2993	8.187508e+06
2994	5.205077e+06
2995	5.442567e+07
2996	6.432229e+05
2997	2.982002e+07
2998	1.189517e+07
2999	1.135660e+07
3000	1.176482e+07
3001	8.036172e+06
3002	4.546192e+06
3003	2.417154e+08
3004	7.983021e+07
3005	4.673766e+06
3006	4.518908e+07
3007	1.835364e+07
3008	6.707105e+07
3009	5.600576e+06
3010	4.787219e+07
3011	4.156084e+06
3012	3.151894e+06
3013	8.622723e+06
3014	9.746462e+07
3015	5.219247e+06
3016	1.304835e+06
3017	1.524995e+07
3018	3.558695e+06
3019	4.793396e+07
3020	4.111326e+06
3021	9.333581e+05
3022	3.574170e+06
3023	7.071218e+07
3024	7.522101e+07
3025	4.099531e+07
3026	2.430700e+07
3027	1.247462e+08
3028	3.814953e+07
3029	1.198024e+06
3030	4.973963e+06
3031	1.517830e+07
3032	1.875438e+06
3033	1.384863e+07
3034	8.097671e+06
3035	2.720571e+07
3036	1.852431e+07
3037	1.178894e+07
3038	3.863842e+07
3039	2.385613e+05
3040	1.490850e+07
3041	2.730952e+07
3042	1.163384e+07
3043	6.682642e+07
3044	2.970927e+06
3045	7.631051e+06
3046	6.779389e+06
3047	1.540234e+06
3048	6.899431e+07
3049	1.131833e+07
3050	2.236137e+07
3051	1.665132e+07
3052	4.144007e+06
3053	2.874989e+07
3054	4.334558e+07
3055	6.250834e+06
3056	2.447696e+07
3057	2.085103e+07
3058	5.349354e+06
3059	1.780568e+07
3060	1.582835e+07
3061	1.919431e+07
3062	4.838338e+07
3063	1.255123e+07
3064	1.691156e+06
3065	1.360602e+08
3066	6.958800e+06
3067	9.830599e+06
3068	1.419618e+08
3069	1.148685e+07
3070	2.912559e+06
3071	3.389387e+07
3072	1.984146e+07
3073	1.356364e+07
3074	1.628012e+07
3075	7.906139e+07
3076	3.618922e+07
3077	3.775881e+07
3078	1.793160e+06
3079	1.275047e+07
3080	1.115303e+07
3081	1.769673e+06
3082	1.083018e+08
3083	1.304527e+07
3084	5.381413e+06
3085	4.500685e+06
3086	1.063003e+08
3087	5.897601e+06
3088	1.377588e+07
3089	1.308568e+08
3090	1.993194e+08
3091	1.228564e+07
3092	3.408809e+06
3093	4.830472e+07
3094	5.885816e+06
3095	3.591000e+06
3096	1.089941e+07
3097	4.143002e+06
3098	4.088206e+07
3099	9.685560e+06
3100	4.179709e+07
3101	3.825760e+06
3102	7.519295e+05
3103	1.995982e+07
3104	1.355805e+07
3105	5.701097e+06
3106	6.375514e+07
3107	3.436546e+07
3108	4.056180e+07
3109	1.066984e+07
3110	1.072569e+07
3111	2.833872e+07
3112	1.153777e+07
3113	5.195167e+07
3114	6.605739e+07
3115	1.698884e+07
3116	3.984610e+07
3117	6.446629e+07
3118	7.287849e+07
3119	7.239438e+06
3120	1.298233e+07
3121	7.626282e+06
3122	1.008644e+08
3123	1.448953e+06
3124	1.435838e+08
3125	5.329463e+06
3126	5.783619e+06
3127	5.605140e+06
3128	1.456187e+06
3129	2.338389e+07
3130	2.014886e+06
3131	7.600371e+06
3132	2.290730e+08
3133	2.237096e+07
3134	3.203719e+06
3135	1.730867e+06
3136	1.112128e+07
3137	1.810793e+07
3138	4.923967e+06
3139	6.787194e+07
3140	8.723611e+06
3141	2.108773e+07
3142	1.458614e+07
3143	5.411449e+05
3144	1.334094e+07
3145	3.049584e+07
3146	1.378217e+07
3147	9.797756e+06
3148	6.009373e+06
3149	1.390493e+08
3150	1.250661e+07
3151	2.944712e+07
3152	8.545572e+06
3153	1.038304e+07
3154	2.438957e+07
3155	2.810502e+07
3156	2.513641e+06
3157	3.799893e+07
3158	2.054835e+06
3159	5.015631e+06
3160	7.772474e+06
3161	4.131745e+07
3162	1.567433e+07
3163	1.731816e+07
3164	1.150369e+07
3165	1.819197e+07
3166	1.103117e+07
3167	1.830796e+07
3168	1.667232e+07
3169	5.246694e+07
3170	1.135843e+07
3171	1.237168e+07
3172	5.479013e+06
3173	1.448455e+08
3174	1.092665e+07
3175	1.513565e+07
3176	1.409981e+07
3177	4.423204e+07
3178	3.517882e+06
3179	5.078669e+06
3180	4.151500e+07
3181	9.278384e+06
3182	1.285577e+07
3183	1.269988e+07
3184	5.479769e+06
3185	9.487616e+07
3186	5.490708e+07
3187	1.246710e+07
3188	1.010202e+07
3189	3.112622e+07
3190	6.475559e+06
3191	4.236876e+06
3192	1.738316e+07
3193	3.636336e+08
3194	1.415501e+07
3195	1.574347e+08
3196	1.676783e+06
3197	2.578948e+08
3198	1.345993e+07
3199	1.582983e+07
3200	5.696747e+06
3201	1.327513e+07
3202	2.807517e+07
3203	4.315689e+07
3204	1.688070e+08
3205	2.019619e+07
3206	1.654675e+07
3207	8.976255e+07
3208	1.288190e+07
3209	5.830882e+06
3210	3.843591e+07
3211	1.468917e+07
3212	6.968560e+07
3213	2.859069e+06
3214	4.414603e+06
3215	1.414881e+06
3216	1.386676e+07
3217	4.664622e+06
3218	3.550958e+07
3219	9.817379e+07
3220	3.279678e+07
3221	1.640104e+07
3222	4.981904e+06
3223	1.006489e+07
3224	8.488585e+06
3225	1.382998e+07
3226	2.407795e+05
3227	3.303433e+07
3228	1.124630e+07
3229	1.077525e+07
3230	9.588090e+07
3231	1.373353e+07
3232	5.122000e+07
3233	1.267156e+07
3234	4.373300e+06
3235	7.662066e+06
3236	7.390142e+07
3237	5.752813e+07
3238	2.224375e+08
3239	2.067203e+07
3240	1.281528e+08
3241	1.454459e+07
3242	1.995583e+07
3243	2.379291e+07
3244	1.063052e+07
3245	4.985550e+06
3246	2.442698e+07
3247	6.216746e+07
3248	1.207360e+07
3249	4.606151e+07
3250	1.451056e+07
3251	1.174824e+08
3252	2.193086e+07
3253	1.808540e+06
3254	1.727013e+07
3255	2.016615e+07
3256	1.198381e+07
3257	8.607645e+06
3258	1.663886e+06
3259	1.346660e+07
3260	1.288310e+07
3261	9.970223e+06
3262	7.022740e+07
3263	2.066655e+07
3264	2.323800e+06
3265	1.726157e+07
3266	2.321182e+07
3267	3.939921e+06
3268	2.875008e+06
3269	5.552570e+06
3270	4.320647e+06
3271	1.482795e+07
3272	7.564178e+06
3273	1.978459e+08
3274	1.801801e+07
3275	1.896605e+07
3276	2.148956e+07
3277	4.308943e+06
3278	1.630734e+07
3279	1.788718e+07
3280	2.592168e+07
3281	1.866548e+08
3282	1.045357e+07
3283	1.677503e+07
3284	1.123903e+07
3285	7.861382e+06
3286	2.053674e+07
3287	8.856032e+06
3288	4.718381e+07
3289	1.249526e+07
3290	2.536749e+07
3291	2.633352e+07
3292	8.892984e+06
3293	2.459432e+07
3294	1.889605e+07
3295	8.278332e+07
3296	8.687480e+06
3297	3.725082e+06
3298	1.484481e+07
3299	6.375737e+06
3300	3.238343e+07
3301	1.119057e+07
3302	4.662066e+06
3303	2.542930e+07
3304	4.559115e+06
3305	4.749053e+06
3306	2.423434e+06
3307	1.085316e+07
3308	1.066108e+07
3309	9.147862e+06
3310	2.150492e+07
3311	2.169366e+06
3312	1.166709e+08
3313	2.126417e+07
3314	5.002309e+06
3315	8.015245e+06
3316	6.573668e+05
3317	1.659044e+07
3318	1.431859e+08
3319	5.697154e+06
3320	2.209611e+07
3321	7.782702e+07
3322	1.829774e+07
3323	9.352954e+06
3324	1.249770e+07
3325	7.154124e+06
3326	1.399589e+07
3327	3.324668e+07
3328	6.934767e+07
3329	5.245040e+06
3330	9.601296e+06
3331	2.890897e+06
3332	5.579685e+06
3333	2.594758e+08
3334	2.594818e+07
3335	2.765169e+07
3336	2.253156e+07
3337	1.152627e+07
3338	1.873345e+07
3339	3.273311e+06
3340	2.433475e+06
3341	1.455741e+07
3342	1.569177e+05
3343	7.048626e+07
3344	8.395311e+06
3345	3.105666e+07
3346	1.530119e+08
3347	2.326645e+06
3348	3.530580e+06
3349	1.513823e+07
3350	6.211105e+06
3351	1.087700e+07
3352	6.517725e+06
3353	1.611326e+08
3354	1.107624e+07
3355	3.353683e+07
3356	1.264358e+08
3357	7.606878e+06
3358	1.540657e+08
3359	2.126652e+06
3360	1.843986e+07
3361	4.275137e+06
3362	3.859248e+06
3363	3.404818e+06
3364	1.615945e+08
3365	1.517986e+07
3366	2.295103e+07
3367	4.817253e+06
3368	1.902579e+07
3369	1.642097e+07
3370	1.024179e+07
3371	2.176696e+06
3372	1.575608e+07
3373	3.770631e+06
3374	1.553997e+07
3375	8.300138e+06
3376	4.349234e+07
3377	3.095614e+07
3378	1.213306e+08
3379	1.829408e+07
3380	3.751872e+06
3381	1.624352e+06
3382	5.868443e+05
3383	8.539852e+07
3384	3.337399e+06
3385	1.171303e+07
3386	2.800669e+07
3387	1.007491e+07
3388	1.627754e+07
3389	4.584245e+06
3390	7.737317e+06
3391	1.075901e+06
3392	1.645261e+08
3393	2.656705e+08
3394	2.752752e+06
3395	1.055594e+08
3396	1.893043e+06
3397	7.993398e+05
3398	2.879071e+06
3399	9.840403e+06
3400	1.111856e+07
3401	2.082106e+07
3402	4.450824e+06
3403	8.744364e+06
3404	2.235205e+07
3405	1.588932e+07
3406	1.033254e+07
3407	1.821325e+08
3408	2.159808e+07
3409	9.002722e+06
3410	2.299245e+07
3411	8.085865e+06
3412	9.583821e+05
3413	1.666753e+06
3414	5.843762e+06
3415	7.263837e+05
3416	1.218248e+07
3417	8.553801e+07
3418	2.115537e+07
3419	1.380637e+07
3420	4.984533e+06
3421	1.149633e+07
3422	1.065484e+07
3423	1.450540e+06
3424	1.019279e+07
3425	1.567753e+07
3426	1.979648e+07
3427	2.303019e+07
3428	6.303154e+06
3429	1.473011e+07
3430	2.065649e+07
3431	3.876083e+06
3432	9.020742e+06
3433	3.000421e+07
3434	2.461017e+07
3435	1.891046e+08
3436	2.617586e+06
3437	1.408556e+08
3438	3.350668e+07
3439	4.426599e+06
3440	5.557914e+07
3441	1.695653e+07
3442	5.246619e+06
3443	2.801749e+07
3444	1.409982e+07
3445	5.615208e+06
3446	4.323063e+06
3447	1.687503e+08
3448	1.655563e+07
3449	2.377159e+07
3450	6.066086e+07
3451	3.074785e+06
3452	9.306702e+06
3453	1.545153e+06
3454	1.591547e+07
3455	3.893873e+07
3456	6.881999e+06
3457	2.599610e+07
3458	4.653032e+06
3459	1.761008e+07
3460	2.937065e+06
3461	1.114648e+07
3462	3.461781e+07
3463	1.858106e+07
3464	2.648544e+07
3465	5.317266e+07
3466	3.628179e+06
3467	6.066750e+07
3468	2.824200e+06
3469	8.593481e+06
3470	1.482755e+07
3471	2.287590e+06
3472	2.862071e+06
3473	3.660485e+06
3474	5.307443e+06
3475	4.737471e+05
3476	6.963077e+06
3477	5.502046e+06
3478	2.533338e+07
3479	1.075671e+07
3480	8.544033e+06
3481	2.912692e+07
3482	3.436830e+08
3483	5.369650e+06
3484	7.359306e+06
3485	4.829021e+07
3486	5.388979e+06
3487	1.043389e+06
3488	7.843445e+07
3489	3.857968e+06
3490	2.598752e+06
3491	4.955617e+06
3492	1.129457e+07
3493	4.092611e+06
3494	2.425925e+07
3495	1.226054e+07
3496	2.266227e+06
3497	4.735923e+06
3498	2.585727e+06
3499	2.366528e+07
3500	4.517062e+06
3501	9.295230e+06
3502	3.143362e+07
3503	4.115650e+06
3504	1.288458e+07
3505	8.182399e+06
3506	4.066436e+07
3507	4.872443e+07
3508	2.162292e+07
3509	2.026340e+07
3510	2.106618e+06
3511	3.998170e+06
3512	8.459294e+06
3513	2.304604e+06
3514	8.668637e+05
3515	1.109829e+07
3516	2.467505e+06
3517	1.772302e+07
3518	7.396145e+07
3519	1.332771e+07
3520	9.870330e+06
3521	4.339428e+06
3522	1.020476e+07
3523	2.026913e+08
3524	7.876580e+07
3525	2.666068e+06
3526	1.740327e+07
3527	9.744653e+06
3528	9.038388e+07
3529	7.199727e+06
3530	3.149154e+07
3531	7.627435e+06
3532	7.070566e+06
3533	5.280395e+07
3534	2.480826e+07
3535	5.378545e+07
3536	3.421275e+07
3537	7.020866e+07
3538	1.021193e+07
3539	1.360654e+07
3540	1.694095e+06
3541	2.091124e+07
3542	1.752214e+08
3543	8.805077e+07
3544	1.128691e+07
3545	1.001383e+07
3546	9.899622e+06
3547	2.442554e+07
3548	4.788071e+06
3549	3.720184e+06
3550	3.174760e+06
3551	6.170849e+06
3552	3.060080e+07
3553	6.632891e+07
3554	1.017802e+07
3555	3.401892e+06
3556	1.701612e+07
3557	2.376379e+07
3558	3.656656e+07
3559	1.502844e+07
3560	3.088128e+07
3561	1.485902e+07
3562	1.108389e+07
3563	2.698615e+06
3564	3.853722e+06
3565	2.307476e+07
3566	1.237966e+06
3567	1.369695e+07
3568	4.434954e+07
3569	6.198522e+07
3570	6.907371e+06
3571	7.080024e+06
3572	3.294085e+07
3573	3.296883e+07
3574	6.100740e+06
3575	7.625201e+06
3576	1.861835e+07
3577	4.533182e+06
3578	5.836933e+06
3579	6.433104e+07
3580	1.147205e+07
3581	5.671871e+06
3582	5.402855e+07
3583	8.630750e+06
3584	1.074762e+08
3585	1.287911e+07
3586	1.538029e+07
3587	1.381926e+07
3588	2.471371e+07
3589	1.391022e+07
3590	2.509642e+06
3591	1.868341e+07
3592	7.927620e+06
3593	9.837926e+06
3594	1.037389e+07
3595	4.756648e+06
3596	8.510273e+06
3597	8.259358e+06
3598	1.638287e+07
3599	1.455156e+07
3600	1.708737e+07
3601	4.216758e+07
3602	1.541087e+07
3603	8.955660e+06
3604	4.141353e+07
3605	1.008766e+06
3606	4.877148e+06
3607	3.939525e+06
3608	4.618568e+07
3609	9.382747e+04
3610	1.328973e+07
3611	1.564617e+06
3612	3.099151e+07
3613	1.380643e+08
3614	1.836490e+08
3615	6.920377e+06
3616	2.977173e+06
3617	1.691355e+07
3618	7.667951e+07
3619	4.531925e+06
3620	1.966442e+07
3621	7.166501e+06
3622	7.981321e+06
3623	2.368097e+07
3624	7.200845e+07
3625	5.684830e+06
3626	1.849800e+06
3627	4.754195e+06
3628	1.739395e+06
3629	1.035613e+07
3630	2.355024e+07
3631	1.531510e+07
3632	1.725873e+07
3633	1.885223e+07
3634	1.279055e+06
3635	9.151568e+06
3636	5.582909e+07
3637	3.914661e+06
3638	2.813609e+06
3639	1.339891e+07
3640	1.508226e+07
3641	5.032726e+07
3642	2.935608e+06
3643	7.074880e+07
3644	2.827504e+06
3645	2.038584e+07
3646	2.965621e+07
3647	4.168694e+06
3648	1.108351e+07
3649	1.913535e+07
3650	1.233737e+07
3651	1.060366e+07
3652	1.434526e+07
3653	8.928942e+06
3654	2.648281e+07
3655	1.270332e+07
3656	1.623880e+07
3657	1.112111e+07
3658	9.074464e+06
3659	1.471601e+06
3660	5.117272e+06
3661	2.574908e+07
3662	4.325183e+06
3663	6.795107e+06
3664	1.647292e+07
3665	5.585259e+05
3666	1.378939e+07
3667	1.360062e+07
3668	1.494999e+06
3669	6.856631e+07
3670	1.275711e+07
3671	7.090799e+06
3672	1.284373e+07
3673	4.937127e+06
3674	4.174310e+06
3675	2.107361e+06
3676	2.511128e+06
3677	3.315051e+06
3678	3.475734e+06
3679	7.478516e+07
3680	2.252195e+06
3681	1.395042e+07
3682	2.812011e+07
3683	4.278516e+06
3684	9.592563e+06
3685	2.361748e+07
3686	6.848268e+06
3687	1.142223e+07
3688	3.105612e+06
3689	2.542540e+06
3690	6.767027e+06
3691	3.195154e+06
3692	5.359612e+06
3693	1.222616e+07
3694	5.220059e+06
3695	1.795100e+07
3696	2.184574e+06
3697	8.792506e+05
3698	1.308572e+07
3699	4.617978e+06
3700	4.297027e+06
3701	2.083867e+06
3702	3.636638e+06
3703	4.259933e+06
3704	4.647831e+06
3705	1.430823e+07
3706	2.794591e+06
3707	1.786682e+06
3708	8.001904e+06
3709	4.461388e+06
3710	1.256693e+07
3711	7.731569e+06
3712	2.510399e+06
3713	4.560886e+06
3714	2.924130e+06
3715	4.170439e+06
3716	1.420597e+07
3717	3.730058e+06
3718	5.283390e+06
3719	6.818422e+06
3720	8.863526e+05
3721	2.903161e+06
3722	7.005890e+06
3723	1.721133e+06
3724	3.950977e+06
3725	3.269002e+06
3726	1.368689e+06
3727	2.764348e+06
3728	4.876591e+06
3729	1.238748e+07
3730	3.367585e+06
3731	2.337808e+06
3732	1.453692e+06
3733	4.818352e+06
3734	1.556165e+07
3735	1.028867e+07
3736	1.278259e+07
3737	3.031791e+06
3738	1.466360e+06
3739	8.615267e+05
3740	3.587250e+06
3741	3.732641e+06
3742	2.257917e+06
3743	1.520777e+06
3744	1.791880e+06
3745	1.726297e+06
3746	3.487285e+06
3747	1.033101e+07
3748	3.427169e+06
3749	8.461634e+06
3750	1.356964e+06
3751	1.664859e+07
3752	8.804722e+06
3753	4.253274e+06
3754	3.586931e+06
3755	1.152031e+06
3756	1.140237e+07
3757	4.858201e+06
3758	3.233347e+06
3759	4.458724e+06
3760	2.352844e+06
3761	3.611522e+06
3762	3.464584e+06
3763	2.390023e+06
3764	1.094411e+07
3765	4.398789e+06
3766	1.010796e+06
3767	7.238228e+05
3768	1.573205e+07
3769	1.455998e+07
3770	1.041863e+07
3771	1.264311e+07
3772	1.113821e+07
3773	2.436115e+06
3774	1.121102e+07
3775	4.711184e+06
3776	1.039561e+06
3777	2.916480e+06
3778	5.638082e+06
3779	3.282566e+06
3780	3.081225e+06
3781	3.491764e+06
3782	1.772827e+07
3783	1.646728e+07
3784	4.218052e+06
3785	5.016708e+06
3786	7.680294e+06
3787	1.039252e+07
3788	1.817674e+07
3789	4.299911e+06
3790	1.172378e+07
3791	5.088671e+05
3792	3.603356e+06
3793	1.329308e+06
3794	7.641750e+06
3795	1.072607e+07
3796	6.625610e+06
3797	2.018195e+05
3798	1.092321e+07
3799	1.917555e+07
3800	1.064002e+05
3801	9.538897e+06
3802	3.272581e+05
3803	2.645985e+06
3804	1.420326e+06
3805	2.273127e+06
3806	5.494652e+06
3807	6.464150e+06
3808	6.295263e+06
3809	2.203332e+07
3810	3.563683e+06
3811	3.305331e+06
3812	1.748633e+07
3813	1.287086e+07
3814	3.594850e+06
3815	2.727574e+06
3816	9.360265e+06
3817	2.087887e+06
3818	1.325042e+06
3819	1.196554e+06
3820	3.589400e+06
3821	2.548541e+06
3822	3.363747e+06
3823	6.423217e+06
3824	3.137916e+06
3825	1.490594e+07
3826	3.292596e+06
3827	5.103292e+06
3828	2.117216e+06
3829	3.754070e+06
3830	1.436384e+06
3831	3.307208e+06
3832	5.528730e+06
3833	4.349462e+06
3834	1.729776e+07
3835	1.286277e+07
3836	1.974291e+07
3837	5.533208e+06
3838	3.075083e+05
3839	1.282684e+07
3840	1.245417e+07
3841	1.878253e+06
3842	8.234736e+06
3843	3.289197e+06
3844	4.151321e+06
3845	5.820530e+06
3846	5.452594e+06
3847	1.079180e+06
3848	5.160011e+06
3849	7.951038e+06
3850	1.316725e+07
3851	3.188516e+06
3852	1.528121e+07
3853	3.646260e+06
3854	1.683012e+06
3855	3.549937e+06
3856	4.617177e+06
3857	1.377613e+06
3858	6.687828e+06
3859	7.097998e+06
3860	2.441432e+06
3861	1.168943e+07
3862	8.683613e+06
3863	9.109715e+06
3864	6.381402e+06
3865	1.112973e+07
3866	1.149748e+07
3867	3.499852e+06
3868	5.656242e+06
3869	9.974431e+06
3870	3.599505e+06
3871	1.094582e+07
3872	1.089759e+07
3873	1.223715e+07
3874	1.786546e+07
3875	2.076634e+07
3876	7.125952e+06
3877	1.173533e+07
3878	2.345040e+06
3879	6.137086e+06
3880	5.636073e+06
3881	6.135357e+06
3882	2.824469e+05
3883	7.800043e+05
3884	4.991272e+06
3885	8.551973e+05
3886	8.042677e+06
3887	7.946729e+06
3888	7.382646e+05
3889	6.824264e+06
3890	4.939751e+06
3891	7.666179e+06
3892	6.743987e+06
3893	5.179140e+06
3894	6.704431e+06
3895	6.771137e+06
3896	7.362091e+06
3897	4.810381e+06
3898	1.296657e+07
3899	9.942898e+06
3900	9.931305e+06
3901	8.597519e+06
3902	2.075671e+07
3903	1.070525e+06
3904	2.043728e+05
3905	7.599144e+06
3906	8.439319e+06
3907	1.035313e+07
3908	9.998790e+06
3909	5.960483e+06
3910	1.019782e+07
3911	1.492496e+07
3912	1.403708e+07
3913	1.858974e+07
3914	1.342649e+07
3915	4.410396e+06
3916	1.196112e+07
3917	1.377723e+07
3918	6.331913e+06
3919	1.603927e+07
3920	9.988658e+06
3921	5.945898e+06
3922	6.998353e+06
3923	5.073954e+06
3924	1.186723e+07
3925	1.637690e+07
3926	1.678060e+07
3927	6.305394e+06
3928	3.022649e+05
3929	3.199477e+05
3930	1.938350e+06
3931	1.560422e+07
3932	7.256162e+06
3933	3.800979e+06
3934	1.143026e+07
3935	3.097344e+06
3936	4.708781e+06
3937	7.494722e+06
3938	1.198726e+07
3939	7.596872e+06
3940	3.529333e+06
3941	1.624174e+07
3942	1.167724e+07
3943	2.476589e+06
3944	6.567920e+06
3945	2.996269e+06
3946	1.494840e+07
3947	4.032669e+06
3948	3.839201e+06
3949	5.721053e+06
3950	6.956738e+06
