1	0.000000e+00
2	8.285430e-07
3	7.076817e-06
4	6.847173e-06
5	7.127220e-07
6	3.413909e-06
7	4.538877e-06
8	1.745372e-05
9	6.431918e-06
10	1.833979e-05
11	4.953685e-05
12	3.853142e-05
13	2.029821e-06
14	1.037468e-06
15	6.995773e-07
16	1.136833e-05
17	1.092711e-05
18	7.630509e-06
19	3.767390e-07
20	8.592551e-06
21	1.631748e-06
22	7.016405e-04
23	5.590748e-06
24	4.520328e-06
25	4.098785e-06
26	4.444157e-06
27	1.012947e-06
28	3.505247e-06
29	3.493487e-06
30	3.088745e-08
31	2.384550e-06
32	2.229780e-06
33	1.121743e-06
34	1.919955e-05
35	5.811673e-07
36	1.392295e-05
37	1.129078e-05
38	8.846502e-07
39	6.081780e-07
40	1.669147e-05
41	2.514248e-06
42	1.039649e-06
43	6.558682e-06
44	1.024946e-05
45	1.079926e-07
46	1.788763e-06
47	7.112203e-07
48	6.851362e-07
49	1.692315e-06
50	3.886878e-06
51	6.920454e-05
52	4.140940e-04
53	9.818772e-05
54	7.474704e-06
55	5.206583e-06
56	2.694371e-06
57	4.388449e-06
58	8.758874e-06
59	1.781437e-06
60	6.554743e-06
61	3.636243e-06
62	2.075927e-06
63	8.129745e-07
64	5.375393e-07
65	5.528246e-06
66	1.732671e-05
67	2.312768e-05
68	1.473737e-05
69	8.165318e-06
70	1.292159e-05
71	6.243150e-05
72	1.117223e-04
73	2.280375e-05
74	3.283059e-07
75	1.775786e-07
76	9.001570e-07
77	2.651565e-06
78	3.608777e-06
79	3.627773e-06
80	2.281568e-06
81	3.809469e-06
82	6.981482e-08
83	5.549487e-07
84	1.245743e-05
85	8.435088e-06
86	5.250593e-06
87	1.203899e-06
88	7.774811e-06
89	1.867990e-06
90	1.414100e-05
91	1.068716e-06
92	1.643706e-06
93	3.634127e-05
94	6.645741e-06
95	5.060700e-06
96	2.982136e-06
97	2.340787e-06
98	2.093718e-07
99	4.286710e-06
100	6.351321e-07
101	1.542862e-06
102	2.637087e-06
103	2.711738e-02
104	3.638778e-06
105	2.410996e-06
106	1.760514e-06
107	3.525306e-06
108	2.180220e-06
109	7.576590e-07
110	1.753649e-05
111	1.519626e-05
112	1.962212e-06
113	8.686913e-06
114	1.021453e-06
115	4.982848e-05
116	3.111190e-06
117	9.792314e-06
118	1.501081e-06
119	1.207125e-06
120	3.870685e-05
121	1.040425e-05
122	1.238449e-05
123	7.166479e-06
124	2.721157e-06
125	5.724902e-04
126	9.983299e-06
127	3.762903e-07
128	1.134734e-06
129	8.176482e-07
130	8.496336e-06
131	9.538128e-06
132	1.666022e-05
133	5.833570e-04
134	8.640013e-06
135	1.404638e-05
136	7.695450e-06
137	1.922580e-06
138	9.907273e-07
139	8.306843e-06
140	1.296287e-05
141	5.684164e-06
142	1.269225e-05
143	2.630198e-05
144	1.622550e-06
145	8.041040e-05
146	1.438642e-05
147	4.984047e-06
148	5.038652e-06
149	5.107856e-05
150	1.178598e-05
151	1.182719e-05
152	8.764817e-07
153	2.347596e-04
154	2.505806e-06
155	1.559815e-06
156	2.798467e-06
157	1.423066e-06
158	4.326221e-06
159	4.848887e-06
160	4.504000e-06
161	3.834714e-06
162	9.965924e-06
163	8.437618e-07
164	1.456514e-05
165	8.467575e-06
166	2.845808e-06
167	4.510893e-05
168	1.201228e-05
169	8.713014e-06
170	7.553387e-06
171	1.047678e-05
172	3.775649e-06
173	4.421365e-06
174	8.559528e-06
175	1.063772e-06
176	1.007469e-05
177	3.195055e-05
178	7.449788e-06
179	7.991436e-06
180	7.007947e-06
181	1.779564e-05
182	1.139757e-05
183	2.262904e-05
184	4.980147e-05
185	8.193502e-06
186	3.333278e-06
187	1.611155e-06
188	8.518567e-07
189	1.039171e-06
190	4.426183e-04
191	6.529981e-06
192	5.743350e-07
193	6.718555e-07
194	8.342072e-06
195	1.929979e-06
196	2.593975e-06
197	5.528976e-06
198	9.727189e-06
199	3.938204e-06
200	4.115804e-07
201	9.557415e-07
202	4.761914e-06
203	3.963709e-06
204	4.567869e-06
205	1.269791e-05
206	3.164966e-06
207	6.384268e-06
208	8.114486e-06
209	1.707646e-05
210	5.282094e-06
211	1.614333e-06
212	5.883348e-06
213	3.888262e-06
214	2.130106e-05
215	1.430919e-05
216	6.774396e-06
217	1.635970e-06
218	1.950308e-05
219	3.757130e-06
220	4.063509e-06
221	1.062275e-05
222	2.591896e-05
223	4.028307e-07
224	1.215816e-05
225	4.897556e-06
226	2.487487e-06
227	1.022103e-05
228	7.775494e-06
229	8.821678e-06
230	3.429928e-06
231	3.238447e-06
232	1.543090e-05
233	4.797570e-05
234	5.718632e-05
235	1.891856e-06
236	6.364575e-06
237	5.148078e-06
238	2.036468e-06
239	1.021479e-06
240	1.103359e-05
241	5.310284e-06
242	7.985648e-06
243	7.235315e-06
244	1.628045e-05
245	1.500390e-05
246	6.588760e-05
247	8.867658e-06
248	6.944792e-06
249	1.440014e-06
250	1.159378e-06
251	5.586248e-07
252	1.093096e-05
253	7.541148e-06
254	8.268215e-06
255	2.234728e-06
256	3.718432e-07
257	7.056721e-07
258	1.821536e-06
259	1.149640e-05
260	1.940304e-06
261	3.800472e-06
262	3.638931e-06
263	2.161952e-06
264	1.056132e-06
265	3.170762e-06
266	1.140673e-05
267	1.929798e-05
268	1.769141e-05
269	2.734275e-04
270	1.747293e-05
271	6.465443e-06
272	1.673919e-05
273	8.631249e-07
274	9.988807e-07
275	7.900682e-07
276	9.270495e-07
277	2.276539e-06
278	1.750987e-05
279	2.430987e-06
280	2.246668e-06
281	1.018102e-06
282	3.859351e-07
283	6.619711e-06
284	7.426991e-06
285	2.139794e-06
286	8.226520e-07
287	1.849414e-05
288	1.503397e-06
289	6.160643e-07
290	1.069248e-05
291	1.542263e-06
292	5.303282e-06
293	2.854348e-06
294	3.934288e-06
295	8.546659e-06
296	8.438416e-06
297	2.813119e-06
298	7.590771e-07
299	5.887459e-05
300	3.753766e-06
301	6.808022e-04
302	1.206225e-04
303	1.854161e-05
304	1.407302e-05
305	1.814874e-05
306	3.366557e-06
307	5.110419e-06
308	1.316977e-06
309	4.692382e-06
310	3.264197e-06
311	1.821648e-06
312	3.772907e-06
313	1.572296e-06
314	6.159608e-06
315	3.360347e-06
316	5.257675e-06
317	6.812529e-06
318	1.312977e-05
319	3.171449e-06
320	1.713262e-06
321	2.049490e-06
322	6.598390e-05
323	5.278040e-05
324	1.187933e-05
325	8.305601e-06
326	5.088714e-06
327	2.352006e-05
328	4.349433e-06
329	1.084381e-05
330	3.824659e-08
331	5.067709e-07
332	6.237456e-07
333	3.552467e-08
334	7.948772e-06
335	2.996103e-06
336	6.666167e-06
337	3.742693e-06
338	1.541662e-06
339	1.494879e-06
340	3.898193e-06
341	9.616049e-06
342	1.186485e-05
343	1.970249e-05
344	1.097019e-06
345	9.990856e-07
346	4.980782e-07
347	2.425996e-06
348	9.927203e-06
349	2.546872e-06
350	4.407754e-06
351	1.904190e-06
352	1.051425e-06
353	7.859273e-07
354	1.970024e-06
355	2.848247e-06
356	4.432843e-05
357	1.745961e-05
358	3.107386e-05
359	1.249981e-07
360	1.260915e-05
361	4.901792e-06
362	1.113931e-06
363	1.148574e-06
364	3.285561e-06
365	5.163093e-06
366	8.578773e-06
367	4.301126e-06
368	6.051794e-06
369	2.618414e-06
370	1.037339e-05
371	4.254678e-07
372	5.788983e-05
373	3.271487e-06
374	1.187511e-05
375	3.095413e-06
376	7.738956e-06
377	6.686919e-06
378	1.868784e-05
379	1.019916e-05
380	8.685850e-05
381	1.106335e-06
382	5.355504e-06
383	5.214866e-06
384	1.289412e-06
385	1.554176e-06
386	5.780004e-06
387	3.979846e-06
388	8.240465e-05
389	8.272960e-07
390	6.795870e-06
391	1.706256e-06
392	8.272994e-06
393	6.829597e-06
394	7.402494e-05
395	1.523325e-05
396	7.199261e-05
397	3.781242e-05
398	1.164795e-06
399	1.776367e-05
400	3.403022e-05
401	6.788619e-03
402	5.356282e-06
403	4.570444e-06
404	2.253161e-06
405	1.366112e-06
406	1.070019e-06
407	6.725906e-07
408	1.935292e-06
409	2.007222e-06
410	1.095029e-05
411	4.921570e-06
412	4.128821e-07
413	1.421813e-06
414	5.454755e-07
415	3.120779e-06
416	1.574060e-06
417	1.104862e-06
418	9.787880e-07
419	5.754680e-06
420	5.984030e-07
421	1.951755e-06
422	1.494861e-06
423	1.187981e-06
424	4.273994e-06
425	5.855010e-06
426	6.803627e-07
427	3.248963e-06
428	3.185149e-06
429	8.215757e-06
430	1.204825e-05
431	4.186212e-03
432	2.949195e-06
433	1.116871e-06
434	8.539889e-07
435	2.260915e-06
436	1.607587e-05
437	8.440801e-06
438	1.837595e-05
439	1.962620e-06
440	9.001225e-07
441	1.528852e-06
442	1.840422e-05
443	5.832039e-06
444	6.024976e-05
445	3.464726e-06
446	3.682682e-06
447	4.428717e-07
448	1.020968e-06
449	1.018922e-05
450	8.220483e-06
451	1.650052e-05
452	3.449268e-06
453	5.233467e-06
454	2.563833e-06
455	1.412730e-06
456	3.657709e-06
457	1.998379e-05
458	1.055470e-06
459	5.684283e-07
460	7.728627e-06
461	1.110236e-05
462	5.597830e-06
463	2.717123e-06
464	3.353600e-05
465	3.121494e-07
466	1.070902e-06
467	5.207680e-06
468	3.120648e-05
469	3.393945e-06
470	1.741645e-05
471	2.121407e-06
472	1.974261e-05
473	2.709698e-06
474	3.808528e-06
475	3.153575e-06
476	2.536893e-06
477	2.941839e-06
478	4.515784e-05
479	4.770480e-06
480	2.965413e-06
481	2.784626e-06
482	8.491871e-07
483	3.559024e-05
484	7.070821e-06
485	5.801956e-06
486	4.785795e-06
487	9.444474e-06
488	3.306898e-07
489	1.717088e-05
490	6.934056e-06
491	2.497941e-05
492	7.559579e-07
493	6.451802e-06
494	3.853370e-06
495	7.321580e-05
496	1.909678e-05
497	3.667794e-04
498	3.234004e-06
499	8.410377e-06
500	8.132840e-06
501	1.018698e-05
502	1.157939e-05
503	5.199124e-06
504	6.889305e-06
505	3.027003e-06
506	3.751023e-06
507	1.815334e-05
508	3.088889e-06
509	5.196681e-06
510	3.295272e-06
511	3.378808e-06
512	1.217160e-06
513	1.147996e-06
514	1.582438e-06
515	7.662065e-06
516	3.398747e-06
517	1.236422e-06
518	9.393308e-06
519	3.345763e-06
520	5.565571e-06
521	1.175424e-06
522	2.411828e-06
523	8.849442e-05
524	3.316057e-06
525	7.548671e-06
526	2.434348e-05
527	8.135295e-06
528	1.969521e-05
529	7.494267e-06
530	3.954045e-05
531	1.109293e-06
532	4.698075e-06
533	2.732739e-06
534	1.603507e-03
535	1.371428e-06
536	1.074349e-05
537	3.088423e-06
538	1.700908e-05
539	6.774385e-06
540	5.733922e-06
541	1.122549e-05
542	5.359218e-06
543	2.615327e-06
544	4.992620e-07
545	6.687982e-07
546	4.072583e-06
547	1.002544e-06
548	7.088593e-06
549	1.991255e-06
550	2.220818e-05
551	7.737752e-07
552	1.260088e-06
553	6.404437e-06
554	5.730933e-06
555	3.129408e-06
556	2.484858e-06
557	1.442357e-02
558	5.601577e-06
559	9.838077e-06
560	6.862338e-06
561	3.607430e-06
562	1.502091e-05
563	3.546112e-06
564	2.861573e-06
565	7.317540e-08
566	1.157856e-06
567	7.369007e-06
568	4.745311e-05
569	5.582331e-06
570	7.612569e-04
571	2.638539e-06
572	1.664148e-05
573	8.558862e-07
574	1.147586e-06
575	5.575708e-05
576	2.651396e-07
577	8.684625e-06
578	9.946610e-06
579	4.750940e-06
580	7.313805e-05
581	2.443978e-05
582	1.783811e-04
583	3.238854e-06
584	5.925888e-06
585	3.434888e-06
586	6.423432e-07
587	8.472853e-07
588	5.283319e-07
589	1.119732e-06
590	3.148307e-06
591	6.426064e-06
592	2.024137e-06
593	1.315275e-05
594	3.499395e-06
595	6.344022e-07
596	8.050293e-06
597	4.478372e-06
598	7.820287e-06
599	1.112466e-05
600	2.982743e-06
601	5.949626e-06
602	7.154430e-07
603	2.044605e-06
604	1.000554e-03
605	1.724331e-07
606	1.141884e-05
607	1.550870e-05
608	2.116018e-05
609	1.287919e-05
610	5.690086e-06
611	1.627865e-06
612	1.987641e-06
613	1.030639e-05
614	6.272393e-07
615	1.097570e-05
616	2.755197e-06
617	6.006796e-06
618	5.306200e-06
619	2.546282e-06
620	4.505587e-06
621	1.805718e-06
622	6.513659e-06
623	1.023996e-05
624	3.682324e-06
625	9.068987e-06
626	8.016891e-07
627	7.360138e-06
628	2.004975e-06
629	4.187616e-06
630	5.056079e-06
631	6.318861e-06
632	3.327464e-07
633	3.439977e-06
634	1.237904e-05
635	4.740553e-05
636	9.117002e-06
637	2.623056e-05
638	3.196972e-06
639	3.481908e-06
640	6.497008e-06
641	4.153646e-06
642	1.080646e-06
643	1.760984e-06
644	3.663055e-06
645	1.792465e-04
646	4.784094e-06
647	3.306192e-06
648	1.852741e-06
649	1.347996e-05
650	1.504900e-05
651	2.750522e-06
652	2.164491e-05
653	4.784547e-06
654	3.271910e-06
655	7.367434e-06
656	5.043598e-06
657	2.014965e-06
658	2.227384e-06
659	1.178216e-05
660	1.385160e-04
661	1.473749e-05
662	1.910503e-05
663	5.225562e-07
664	4.574018e-06
665	1.391154e-05
666	6.343949e-05
667	3.948759e-06
668	1.484056e-06
669	6.590741e-06
670	1.302558e-05
671	4.557632e-06
672	8.224650e-06
673	6.808735e-06
674	5.277554e-06
675	1.186422e-05
676	2.631782e-06
677	1.219444e-04
678	8.970327e-05
679	7.158724e-06
680	1.132331e-05
681	1.223836e-05
682	8.840178e-06
683	2.199865e-06
684	3.000021e-06
685	5.740557e-05
686	6.948680e-06
687	1.272721e-05
688	7.073068e-06
689	7.114864e-06
690	2.585917e-06
691	9.473888e-07
692	1.661163e-06
693	6.632660e-06
694	4.198739e-06
695	1.888996e-06
696	1.426994e-05
697	4.660953e-05
698	2.443112e-06
699	1.462406e-05
700	9.797901e-07
701	5.981284e-06
702	1.627464e-05
703	3.351773e-06
704	1.033961e-05
705	2.725966e-06
706	6.401793e-06
707	6.206440e-05
708	1.824873e-05
709	5.090895e-06
710	2.687626e-07
711	7.757089e-06
712	0.000000e+00
713	4.099506e-06
714	4.165460e-07
715	1.854145e-06
716	1.825605e-06
717	2.865456e-06
718	3.330112e-06
719	7.312282e-07
720	1.567837e-03
721	1.762511e-05
722	2.623194e-05
723	7.762352e-05
724	1.067050e-03
725	6.742175e-05
726	7.556840e-05
727	1.337365e-06
728	4.673322e-07
729	1.914902e-05
730	1.243634e-04
731	1.898742e-04
732	9.425508e-06
733	9.242784e-07
734	8.432535e-06
735	4.283703e-07
736	2.222486e-07
737	4.932197e-06
738	4.106686e-06
739	2.030138e-06
740	2.201025e-06
741	9.649331e-07
742	1.044288e-06
743	1.390144e-06
744	1.016233e-06
745	2.409805e-06
746	1.227698e-06
747	1.220004e-06
748	2.571418e-06
749	5.452618e-07
750	6.728599e-07
751	5.770374e-06
752	1.501424e-06
753	6.684391e-06
754	1.228911e-06
755	8.454287e-06
756	1.624892e-06
757	3.795376e-07
758	0.000000e+00
759	1.531675e-08
760	1.502236e-07
761	1.595912e-07
762	3.665324e-06
763	7.024711e-06
764	2.244827e-05
765	2.410156e-06
766	3.082582e-06
767	2.274427e-05
768	1.342162e-05
769	4.362863e-07
770	9.579053e-07
771	4.229811e-06
772	1.088149e-06
773	1.424266e-06
774	7.112606e-06
775	2.447027e-06
776	2.103111e-06
777	6.783169e-07
778	6.083093e-06
779	1.100435e-05
780	2.003356e-06
781	1.914341e-05
782	1.972677e-06
783	1.878537e-06
784	6.105515e-05
785	2.014314e-06
786	3.913487e-06
787	2.395295e-05
788	8.183417e-05
789	1.273055e-05
790	2.348118e-06
791	5.284137e-06
792	3.523199e-06
793	1.531514e-06
794	9.701851e-07
795	1.726416e-04
796	1.492651e-05
797	5.302414e-06
798	2.214003e-06
799	1.443680e-06
800	1.305146e-05
801	1.086419e-05
802	4.294668e-05
803	5.047184e-07
804	4.199660e-05
805	9.666080e-06
806	3.079931e-06
807	1.005796e-05
808	2.434821e-06
809	1.144920e-04
810	8.910404e-07
811	8.878765e-06
812	9.263035e-06
813	1.412232e-05
814	1.404282e-05
815	6.851144e-07
816	8.237620e-06
817	2.630611e-02
818	1.136333e-05
819	4.922052e-05
820	1.907554e-05
821	1.169231e-05
822	3.481587e-06
823	1.789877e-05
824	4.892551e-06
825	1.977546e-06
826	6.427526e-06
827	6.260988e-06
828	1.045596e-05
829	3.921778e-06
830	4.607290e-06
831	5.476004e-06
832	2.280933e-06
833	7.818763e-06
834	2.902431e-06
835	4.603325e-06
836	3.288200e-05
837	8.680708e-07
838	0.000000e+00
839	1.204976e-07
840	1.953346e-06
841	2.963825e-06
842	2.299506e-06
843	5.960145e-06
844	2.388127e-04
845	1.103805e-03
846	8.848569e-08
847	3.182099e-07
848	5.485695e-06
849	1.880700e-06
850	7.171239e-07
851	6.054790e-06
852	1.397205e-06
853	1.093463e-05
854	3.776120e-05
855	4.579065e-06
856	8.161381e-07
857	7.369336e-08
858	1.021468e-06
859	2.614259e-07
860	3.844116e-06
861	2.665944e-06
862	5.039460e-06
863	2.513843e-05
864	1.223153e-05
865	9.343832e-07
866	1.640569e-06
867	1.050682e-05
868	2.304846e-07
869	6.506159e-06
870	9.800652e-06
871	2.174373e-06
872	2.583035e-06
873	1.046006e-06
874	1.634572e-03
875	6.132119e-07
876	6.400946e-07
877	3.725164e-07
878	7.519449e-06
879	2.963654e-06
880	9.680366e-06
881	6.701682e-06
882	7.132527e-06
883	3.131157e-06
884	3.175049e-06
885	1.621723e-06
886	1.346738e-06
887	2.221321e-06
888	1.202084e-06
889	9.831659e-08
890	4.104969e-06
891	9.419405e-07
892	4.868721e-06
893	3.452477e-06
894	8.753107e-06
895	2.553689e-05
896	9.378903e-07
897	1.155025e-06
898	1.389738e-04
899	5.483972e-07
900	6.557370e-06
901	5.684398e-07
902	1.584465e-07
903	6.776682e-06
904	5.125374e-06
905	9.241007e-08
906	1.401172e-03
907	3.671822e-07
908	1.012803e-04
909	4.014987e-04
910	2.008032e-05
911	9.822472e-05
912	5.011719e-06
913	2.012378e-05
914	9.639009e-06
915	3.094446e-06
916	0.000000e+00
917	7.236544e-05
918	1.344449e-05
919	9.935363e-06
920	8.333679e-06
921	3.025255e-05
922	3.246436e-06
923	8.548579e-06
924	1.077128e-06
925	2.897231e-05
926	4.408497e-06
927	8.994722e-06
928	1.532684e-06
929	4.150645e-07
930	1.829414e-06
931	2.527951e-06
932	1.856054e-06
933	9.589638e-06
934	2.977166e-06
935	1.309218e-06
936	1.456226e-06
937	1.214411e-05
938	1.269609e-06
939	1.593309e-06
940	8.676777e-06
941	2.068839e-06
942	1.118660e-06
943	1.242826e-06
944	2.195798e-05
945	1.416825e-06
946	1.347267e-06
947	3.940137e-06
948	7.082823e-05
949	1.557061e-06
950	6.489743e-07
951	2.387863e-05
952	2.407540e-06
953	2.513582e-05
954	1.700496e-04
955	2.447340e-06
956	4.916596e-06
957	1.436347e-06
958	4.109510e-06
959	3.175772e-06
960	6.440522e-06
961	2.043875e-06
962	5.796961e-06
963	8.021983e-06
964	1.029575e-05
965	5.495917e-07
966	9.134598e-06
967	8.078109e-06
968	3.908063e-05
969	3.916745e-06
970	2.963051e-06
971	3.375873e-06
972	5.284863e-06
973	3.984254e-05
974	1.757149e-05
975	3.395865e-05
976	5.513114e-06
977	2.986566e-03
978	1.870752e-06
979	7.005999e-06
980	4.158809e-06
981	1.160534e-06
982	2.422430e-06
983	2.117564e-06
984	2.396724e-05
985	2.971551e-06
986	3.791473e-06
987	3.374213e-05
988	3.421390e-06
989	3.816931e-05
990	3.417416e-06
991	1.047678e-05
992	6.412189e-03
993	1.572909e-05
994	3.604761e-05
995	1.955578e-06
996	1.406199e-06
997	8.187034e-07
998	4.818769e-06
999	1.750069e-05
1000	3.351901e-06
1001	3.071848e-06
1002	9.803556e-06
1003	8.108451e-07
1004	8.506428e-07
1005	1.302681e-05
1006	9.360502e-06
1007	3.421561e-06
1008	3.929933e-06
1009	6.506899e-06
1010	6.545879e-05
1011	7.938443e-06
1012	6.955286e-06
1013	1.123450e-06
1014	5.879395e-07
1015	4.503682e-06
1016	3.694395e-06
1017	7.554249e-06
1018	1.933415e-06
1019	1.786743e-05
1020	1.556686e-05
1021	2.089198e-05
1022	8.092600e-06
1023	1.989106e-05
1024	8.303112e-06
1025	1.064071e-06
1026	2.365659e-07
1027	2.311251e-07
1028	1.132583e-07
1029	1.078536e-05
1030	3.213492e-03
1031	8.043144e-06
1032	1.164472e-05
1033	1.738025e-05
1034	8.010632e-07
1035	9.491964e-06
1036	7.164840e-06
1037	6.978972e-06
1038	6.423388e-06
1039	1.182122e-06
1040	1.336592e-04
1041	3.548627e-06
1042	1.021407e-04
1043	2.344359e-06
1044	1.472104e-06
1045	1.230862e-06
1046	8.971786e-06
1047	1.037871e-05
1048	4.690207e-06
1049	9.629662e-06
1050	3.123896e-06
1051	2.357256e-07
1052	3.902867e-07
1053	4.755492e-06
1054	6.784052e-06
1055	3.840674e-05
1056	7.407840e-06
1057	2.906621e-06
1058	3.522792e-05
1059	1.364148e-06
1060	1.092328e-06
1061	5.251728e-06
1062	4.211633e-06
1063	4.346910e-06
1064	2.352439e-05
1065	2.311432e-06
1066	2.614548e-06
1067	1.178848e-05
1068	1.795905e-05
1069	9.986790e-06
1070	5.992773e-06
1071	4.508037e-06
1072	1.309668e-05
1073	1.129786e-05
1074	1.125418e-05
1075	2.304714e-04
1076	8.085432e-05
1077	8.282895e-07
1078	6.033463e-06
1079	1.299878e-06
1080	1.228887e-03
1081	3.320859e-06
1082	7.917875e-06
1083	6.115023e-04
1084	9.603929e-06
1085	1.081313e-05
1086	1.102469e-03
1087	4.387399e-05
1088	3.798804e-05
1089	2.537728e-05
1090	3.605417e-05
1091	4.684713e-06
1092	7.296815e-06
1093	7.920055e-06
1094	5.995598e-06
1095	1.794249e-05
1096	2.249778e-06
1097	8.093327e-06
1098	2.104859e-06
1099	1.638900e-05
1100	7.624478e-06
1101	5.024916e-05
1102	1.742774e-05
1103	3.928740e-06
1104	3.000426e-06
1105	2.470361e-06
1106	1.238869e-05
1107	5.114192e-06
1108	5.601070e-06
1109	3.276627e-06
1110	3.768780e-06
1111	9.444581e-06
1112	6.799368e-04
1113	1.550365e-03
1114	1.490494e-06
1115	3.928981e-06
1116	2.244509e-04
1117	3.828458e-05
1118	1.514987e-06
1119	7.217198e-06
1120	1.218756e-05
1121	1.799309e-06
1122	1.318299e-05
1123	9.026197e-06
1124	3.251637e-06
1125	1.529173e-06
1126	8.015647e-06
1127	1.126460e-05
1128	3.726937e-06
1129	9.666283e-07
1130	3.592120e-06
1131	7.713068e-07
1132	4.928791e-07
1133	1.727028e-06
1134	2.101899e-06
1135	1.449069e-06
1136	5.440887e-07
1137	9.161987e-05
1138	1.240219e-06
1139	1.434271e-06
1140	6.635110e-06
1141	9.190713e-07
1142	3.396074e-07
1143	5.236739e-07
1144	4.090685e-07
1145	9.924273e-06
1146	2.735276e-06
1147	4.079036e-07
1148	1.417771e-06
1149	9.692324e-07
1150	2.930880e-06
1151	1.355088e-05
1152	9.479238e-06
1153	1.519278e-05
1154	7.354511e-06
1155	6.295351e-07
1156	2.125082e-07
1157	4.860002e-06
1158	2.704653e-05
1159	2.607067e-05
1160	1.961572e-05
1161	1.257223e-04
1162	1.631420e-06
1163	6.606748e-06
1164	1.192182e-05
1165	5.296697e-07
1166	1.951932e-07
1167	1.568956e-05
1168	1.290980e-05
1169	2.051330e-05
1170	8.962159e-05
1171	1.624929e-06
1172	5.611613e-06
1173	5.398783e-07
1174	4.390683e-08
1175	6.477618e-06
1176	5.663992e-06
1177	1.996645e-06
1178	1.350423e-06
1179	9.120910e-07
1180	3.827013e-06
1181	2.333172e-05
1182	2.950625e-06
1183	9.301850e-06
1184	7.510224e-06
1185	7.170482e-06
1186	1.101237e-06
1187	2.353505e-06
1188	4.714421e-06
1189	4.789918e-06
1190	3.574458e-05
1191	1.026101e-05
1192	7.507859e-06
1193	2.922466e-06
1194	9.987019e-07
1195	6.020310e-06
1196	2.456787e-06
1197	3.075014e-06
1198	1.121070e-06
1199	4.023683e-06
1200	3.539978e-06
1201	6.574055e-06
1202	1.005769e-05
1203	8.576726e-06
1204	1.076936e-06
1205	4.593159e-07
1206	4.855394e-07
1207	7.185607e-06
1208	1.568530e-05
1209	6.311104e-06
1210	3.963685e-06
1211	7.380327e-07
1212	1.282269e-06
1213	1.368027e-05
1214	4.122633e-06
1215	6.042416e-06
1216	3.797039e-06
1217	3.067225e-06
1218	4.597781e-07
1219	2.219595e-06
1220	9.429219e-06
1221	1.223358e-05
1222	8.956038e-06
1223	7.373144e-06
1224	4.649143e-06
1225	9.316890e-05
1226	1.749578e-05
1227	2.003200e-04
1228	1.137250e-05
1229	6.926375e-06
1230	1.219207e-06
1231	1.366682e-05
1232	3.522539e-06
1233	4.499740e-06
1234	1.565612e-04
1235	1.375979e-04
1236	3.278541e-05
1237	4.725937e-06
1238	9.451232e-06
1239	9.430771e-06
1240	9.836939e-06
1241	3.894622e-06
1242	1.217426e-06
1243	6.381790e-06
1244	9.425299e-06
1245	3.135066e-06
1246	2.508599e-05
1247	9.150293e-06
1248	1.431958e-04
1249	3.356842e-06
1250	2.612524e-06
1251	1.260878e-06
1252	1.360876e-05
1253	4.082843e-06
1254	8.392293e-06
1255	7.186355e-06
1256	2.842221e-06
1257	1.042700e-06
1258	9.868983e-07
1259	3.685016e-06
1260	3.610139e-07
1261	4.459357e-06
1262	4.147097e-07
1263	1.443894e-05
1264	5.485678e-06
1265	8.837266e-07
1266	1.059219e-06
1267	9.452746e-06
1268	6.973122e-06
1269	1.406724e-06
1270	1.570642e-02
1271	2.247043e-06
1272	8.776959e-07
1273	7.196608e-07
1274	2.519944e-07
1275	4.750634e-07
1276	1.025300e-06
1277	3.868878e-08
1278	1.208852e-05
1279	1.723726e-06
1280	1.750286e-06
1281	4.662178e-07
1282	3.801868e-06
1283	7.654405e-07
1284	9.695534e-07
1285	1.219925e-06
1286	4.679420e-06
1287	4.653054e-06
1288	1.395939e-06
1289	6.020319e-06
1290	7.835070e-06
1291	2.627940e-06
1292	6.297022e-06
1293	1.657107e-06
1294	8.282389e-05
1295	9.595343e-06
1296	9.686564e-07
1297	3.354461e-05
1298	2.714814e-05
1299	8.113761e-06
1300	3.052066e-05
1301	2.268409e-05
1302	5.327311e-05
1303	4.879671e-05
1304	5.425681e-05
1305	5.976439e-04
1306	2.449169e-06
1307	2.545659e-04
1308	8.477006e-06
1309	4.417050e-06
1310	2.791127e-04
1311	1.117536e-05
1312	3.009016e-06
1313	1.005060e-05
1314	1.340894e-06
1315	8.981581e-07
1316	5.470831e-05
1317	4.108424e-06
1318	4.002236e-07
1319	8.819385e-06
1320	1.988784e-06
1321	3.550545e-06
1322	1.292151e-06
1323	7.010885e-07
1324	3.638117e-06
1325	5.131339e-07
1326	2.934538e-07
1327	1.067842e-06
1328	1.106115e-06
1329	6.565853e-07
1330	1.308138e-06
1331	3.555878e-06
1332	4.433863e-07
1333	9.097204e-07
1334	4.491841e-07
1335	1.971115e-06
1336	1.475252e-06
1337	9.979546e-07
1338	5.779399e-07
1339	3.604120e-07
1340	9.284398e-07
1341	2.036128e-06
1342	1.050334e-06
1343	9.962648e-07
1344	4.915876e-07
1345	1.064083e-06
1346	1.596083e-06
1347	6.125689e-07
1348	1.193954e-06
1349	3.615730e-07
1350	4.523155e-06
1351	1.068618e-05
1352	7.818117e-07
1353	5.524851e-06
1354	2.545069e-06
1355	4.866198e-07
1356	0.000000e+00
1357	3.829341e-07
1358	0.000000e+00
1359	3.834762e-07
1360	4.105937e-04
1361	1.135606e-06
1362	1.065678e-05
1363	8.586293e-07
1364	3.015133e-06
1365	3.989291e-04
1366	2.260024e-07
1367	0.000000e+00
1368	2.875554e-05
1369	1.934974e-05
1370	6.803961e-06
1371	1.297577e-06
1372	4.441858e-06
1373	3.496586e-06
1374	3.501284e-07
1375	2.597332e-06
1376	7.561155e-06
1377	9.486582e-07
1378	4.056106e-06
1379	5.328618e-06
1380	1.439870e-06
1381	4.603963e-07
1382	1.088543e-05
1383	2.770863e-06
1384	2.005120e-06
1385	4.512305e-06
1386	9.243532e-06
1387	1.217388e-06
1388	5.334870e-07
1389	6.802564e-07
1390	6.466656e-07
1391	1.098011e-06
1392	3.797530e-06
1393	2.115532e-06
1394	1.099125e-05
1395	4.561717e-06
1396	2.550834e-06
1397	3.136161e-07
1398	9.889120e-06
1399	7.969522e-06
1400	4.480133e-05
1401	1.694882e-06
1402	1.824607e-04
1403	1.899178e-04
1404	1.006307e-07
1405	6.500867e-07
1406	3.095979e-05
1407	2.494294e-05
1408	3.166764e-07
1409	2.821977e-05
1410	1.113056e-02
1411	2.725371e-03
1412	2.313648e-05
1413	1.613789e-05
1414	7.579650e-06
1415	4.598059e-06
1416	1.047070e-05
1417	4.481612e-06
1418	6.343875e-04
1419	7.627754e-06
1420	3.064350e-06
1421	2.570407e-05
1422	5.256920e-06
1423	5.634272e-06
1424	4.651116e-06
1425	4.759732e-06
1426	6.542883e-06
1427	3.789048e-06
1428	3.783525e-05
1429	5.868719e-06
1430	7.710787e-06
1431	1.015339e-06
1432	8.989578e-06
1433	9.013476e-06
1434	1.676702e-06
1435	1.966268e-04
1436	9.765470e-06
1437	7.913874e-06
1438	9.432161e-06
1439	7.409765e-06
1440	3.259266e-04
1441	1.864397e-05
1442	2.099954e-05
1443	1.427280e-06
1444	9.375247e-07
1445	2.585415e-05
1446	4.616336e-06
1447	1.552396e-06
1448	1.937188e-07
1449	8.609213e-07
1450	5.736476e-06
1451	6.608429e-06
1452	1.839237e-07
1453	2.605823e-06
1454	1.115600e-05
1455	8.568950e-07
1456	6.099954e-07
1457	3.019655e-06
1458	1.043026e-05
1459	3.277565e-06
1460	4.001269e-05
1461	1.314576e-06
1462	4.547746e-06
1463	5.674638e-05
1464	4.897083e-06
1465	4.448643e-06
1466	8.683503e-07
1467	2.303474e-07
1468	2.133195e-07
1469	4.307233e-07
1470	1.019708e-05
1471	3.838021e-06
1472	4.777623e-06
1473	6.337105e-06
1474	1.012202e-06
1475	5.902188e-06
1476	2.673543e-07
1477	1.295955e-07
1478	1.880128e-07
1479	9.922284e-06
1480	2.819899e-06
1481	1.105199e-06
1482	5.174617e-06
1483	1.762640e-05
1484	5.075686e-06
1485	9.202496e-07
1486	1.655154e-06
1487	5.097891e-07
1488	4.001693e-06
1489	3.220395e-07
1490	4.844264e-08
1491	1.276751e-06
1492	3.126032e-07
1493	1.388665e-06
1494	9.407765e-07
1495	5.465596e-07
1496	1.462879e-07
1497	1.390594e-05
1498	1.238303e-05
1499	8.757072e-06
1500	1.093393e-05
1501	5.221852e-06
1502	2.233038e-06
1503	8.797106e-07
1504	1.172988e-06
1505	2.269619e-06
1506	4.507075e-06
1507	9.035909e-06
1508	1.629200e-04
1509	8.525640e-06
1510	4.763126e-06
1511	5.572118e-06
1512	1.852066e-06
1513	1.042774e-06
1514	5.317406e-07
1515	1.988870e-06
1516	5.721293e-06
1517	3.458339e-06
1518	1.117134e-06
1519	3.774112e-06
1520	1.170259e-06
1521	1.425357e-06
1522	1.076617e-06
1523	7.095955e-06
1524	1.111373e-05
1525	9.709148e-06
1526	4.243999e-06
1527	8.817090e-06
1528	2.068996e-06
1529	1.600967e-06
1530	9.887882e-06
1531	8.898467e-06
1532	2.807895e-05
1533	4.960319e-06
1534	5.225908e-07
1535	9.131159e-06
1536	8.505318e-06
1537	1.299151e-05
1538	2.024527e-06
1539	7.698114e-07
1540	9.776138e-05
1541	8.955296e-05
1542	5.659127e-06
1543	5.314182e-06
1544	3.275712e-06
1545	6.119393e-06
1546	1.124603e-04
1547	8.114964e-06
1548	7.320624e-06
1549	3.614785e-06
1550	4.256800e-04
1551	5.527648e-06
1552	1.969564e-03
1553	2.532133e-07
1554	1.409213e-06
1555	9.037025e-05
1556	3.471163e-04
1557	1.184829e-04
1558	9.813813e-06
1559	3.923915e-05
1560	2.757025e-02
1561	1.288246e-04
1562	8.132422e-06
1563	4.859272e-04
1564	6.410991e-06
1565	7.555237e-06
1566	9.882507e-06
1567	1.148780e-05
1568	9.642333e-07
1569	6.948907e-05
1570	1.052694e-04
1571	1.790653e-06
1572	6.083269e-06
1573	5.176630e-06
1574	4.135405e-06
1575	9.993042e-06
1576	7.011307e-06
1577	4.157153e-06
1578	7.515999e-06
1579	1.158084e-05
1580	3.102846e-06
1581	7.096510e-06
1582	1.014207e-05
1583	4.281341e-05
1584	1.393169e-05
1585	8.962629e-06
1586	8.687619e-06
1587	1.957192e-05
1588	1.870375e-05
1589	6.150578e-06
1590	1.459502e-06
1591	5.569465e-06
1592	3.205614e-05
1593	4.478233e-06
1594	1.300669e-05
1595	1.324119e-05
1596	2.584569e-06
1597	2.552522e-06
1598	1.283205e-05
1599	1.122765e-05
1600	3.087817e-06
1601	6.663989e-07
1602	8.729197e-05
1603	1.639335e-06
1604	3.625952e-06
1605	3.039420e-06
1606	3.106781e-06
1607	2.158056e-06
1608	2.332394e-06
1609	2.273378e-06
1610	1.518861e-06
1611	2.303903e-06
1612	9.522966e-07
1613	1.619822e-06
1614	1.425322e-06
1615	3.627195e-06
1616	3.333946e-07
1617	1.400090e-06
1618	5.142657e-06
1619	1.710563e-06
1620	3.927362e-06
1621	2.537929e-06
1622	1.565329e-06
1623	5.579091e-06
1624	1.004356e-05
1625	3.432839e-06
1626	1.366350e-06
1627	1.652554e-06
1628	3.002009e-06
1629	6.963747e-06
1630	4.231998e-06
1631	1.324776e-05
1632	6.097672e-06
1633	6.722787e-06
1634	4.091500e-06
1635	1.635418e-05
1636	1.241371e-05
1637	2.627509e-05
1638	9.360973e-06
1639	9.574691e-06
1640	1.549244e-06
1641	5.702949e-06
1642	6.532128e-06
1643	3.155011e-05
1644	1.229006e-05
1645	8.793059e-06
1646	1.100803e-05
1647	1.204927e-05
1648	3.548781e-06
1649	7.358421e-06
1650	2.502436e-06
1651	1.288101e-05
1652	1.260919e-05
1653	5.955055e-06
1654	8.204946e-06
1655	4.578085e-06
1656	1.150845e-05
1657	8.572606e-07
1658	1.360388e-04
1659	2.247084e-06
1660	3.639326e-06
1661	0.000000e+00
1662	1.176506e-07
1663	1.430827e-06
1664	7.030470e-07
1665	1.175299e-06
1666	9.525215e-06
1667	1.322946e-05
1668	4.087524e-06
1669	5.170138e-06
1670	1.187510e-05
1671	4.661725e-06
1672	3.804813e-06
1673	2.989057e-06
1674	1.733320e-06
1675	6.392367e-06
1676	6.532434e-06
1677	1.574157e-05
1678	2.721448e-05
1679	5.497572e-06
1680	1.449883e-06
1681	3.843573e-06
1682	1.707660e-05
1683	8.226891e-07
1684	4.007130e-07
1685	4.458042e-05
1686	8.176740e-06
1687	3.462289e-06
1688	1.105473e-05
1689	1.241018e-05
1690	1.364421e-03
1691	4.674848e-06
1692	5.739942e-06
1693	3.788465e-06
1694	5.601299e-07
1695	1.100826e-06
1696	1.748322e-06
1697	4.728115e-07
1698	8.305626e-06
1699	1.578866e-05
1700	2.095515e-06
1701	8.853644e-07
1702	2.666771e-06
1703	4.036190e-06
1704	3.021062e-08
1705	1.222578e-07
1706	1.662129e-07
1707	1.216618e-07
1708	5.329062e-06
1709	1.671378e-06
1710	3.193437e-07
1711	3.358163e-06
1712	3.402959e-06
1713	5.561545e-07
1714	4.694188e-06
1715	6.596646e-07
1716	5.174057e-06
1717	1.546074e-05
1718	2.186763e-07
1719	5.475238e-08
1720	1.873280e-06
1721	1.161736e-06
1722	2.113129e-07
1723	3.768007e-07
1724	1.063276e-06
1725	2.146117e-05
1726	8.665134e-06
1727	4.210976e-06
1728	1.888119e-06
1729	1.611115e-06
1730	3.689033e-06
1731	3.843391e-05
1732	9.161573e-06
1733	2.675125e-04
1734	1.146700e-05
1735	2.292306e-05
1736	1.608034e-06
1737	4.308760e-05
1738	4.729135e-06
1739	2.592923e-06
1740	3.159724e-06
1741	2.900238e-04
1742	3.634473e-06
1743	4.575039e-06
1744	1.685059e-07
1745	4.614443e-07
1746	3.990196e-07
1747	1.029573e-05
1748	4.665013e-06
1749	4.645840e-06
1750	1.285497e-05
1751	4.016611e-06
1752	1.903632e-06
1753	7.626568e-06
1754	1.778641e-06
1755	1.287769e-06
1756	4.432678e-06
1757	2.785907e-06
1758	3.371163e-06
1759	2.655883e-06
1760	4.379577e-07
1761	1.815326e-05
1762	2.047704e-06
1763	7.859712e-06
1764	1.299970e-06
1765	6.167057e-07
1766	7.658541e-07
1767	3.591874e-06
1768	2.672682e-06
1769	5.768761e-06
1770	2.405725e-06
1771	4.311204e-06
1772	1.314534e-06
1773	3.869351e-06
1774	1.590246e-06
1775	1.230245e-05
1776	1.239972e-06
1777	1.765999e-06
1778	1.003270e-05
1779	3.132491e-06
1780	4.412760e-07
1781	1.402816e-05
1782	2.525940e-05
1783	5.819020e-05
1784	4.545953e-05
1785	4.021109e-06
1786	4.080667e-07
1787	1.831318e-06
1788	2.731177e-04
1789	3.181093e-04
1790	1.309710e-04
1791	2.802273e-02
1792	1.837019e-04
1793	4.790625e-04
1794	1.670729e-03
1795	1.074187e-04
1796	1.416323e-03
1797	1.946188e-04
1798	1.954867e-04
1799	1.596444e-03
1800	1.494864e-05
1801	1.555630e-05
1802	6.223420e-04
1803	9.188399e-05
1804	1.116234e-02
1805	1.081503e-03
1806	2.340201e-03
1807	1.379809e-03
1808	1.609886e-05
1809	1.527783e-05
1810	2.657378e-05
1811	6.309333e-06
1812	4.841467e-06
1813	2.329335e-05
1814	1.221558e-05
1815	5.210362e-06
1816	1.075607e-05
1817	6.031212e-07
1818	1.618644e-05
1819	1.246814e-05
1820	1.891149e-05
1821	1.732713e-05
1822	7.245793e-06
1823	1.595793e-05
1824	2.075374e-06
1825	6.526161e-07
1826	4.519485e-06
1827	1.613947e-06
1828	1.003575e-05
1829	1.649084e-06
1830	2.447554e-03
1831	1.304790e-04
1832	3.627663e-06
1833	1.140570e-05
1834	4.810982e-07
1835	1.157266e-05
1836	1.034105e-05
1837	3.630504e-06
1838	3.334146e-06
1839	6.196079e-06
1840	8.128823e-06
1841	5.300761e-06
1842	2.597896e-07
1843	1.278983e-06
1844	9.220297e-07
1845	9.432092e-06
1846	9.190086e-06
1847	2.672204e-05
1848	1.563065e-06
1849	1.019548e-05
1850	9.122779e-07
1851	7.241021e-07
1852	3.980582e-07
1853	1.883303e-05
1854	2.864135e-06
1855	7.442914e-07
1856	1.152700e-06
1857	2.602978e-06
1858	7.940728e-07
1859	6.001527e-07
1860	1.868478e-06
1861	1.254894e-05
1862	8.018156e-07
1863	8.324258e-07
1864	8.716010e-06
1865	9.413677e-07
1866	8.921514e-07
1867	7.219362e-07
1868	4.304585e-07
1869	6.094357e-07
1870	5.087022e-06
1871	7.609113e-07
1872	6.298895e-07
1873	0.000000e+00
1874	9.332004e-07
1875	6.367257e-06
1876	2.360953e-06
1877	3.932752e-06
1878	3.873166e-05
1879	2.960268e-06
1880	3.964181e-06
1881	7.621506e-06
1882	6.846219e-06
1883	8.326513e-06
1884	2.274840e-06
1885	1.688968e-06
1886	3.499564e-06
1887	5.979060e-06
1888	1.045322e-05
1889	4.966704e-06
1890	3.584761e-06
1891	1.712638e-06
1892	3.494098e-06
1893	7.829515e-06
1894	1.258242e-05
1895	2.174913e-05
1896	8.612788e-06
1897	1.520687e-06
1898	3.710054e-06
1899	1.975832e-05
1900	1.774312e-06
1901	1.649995e-06
1902	1.426025e-05
1903	4.968581e-06
1904	2.476437e-05
1905	9.188809e-06
1906	2.880736e-06
1907	3.801769e-06
1908	1.743285e-06
1909	2.699838e-05
1910	1.656378e-05
1911	2.632651e-06
1912	1.106408e-05
1913	1.360867e-06
1914	1.651641e-05
1915	2.711096e-06
1916	6.853390e-06
1917	2.553709e-06
1918	3.212106e-06
1919	2.272345e-06
1920	1.107529e-06
1921	2.176700e-05
1922	1.879421e-06
1923	4.803652e-06
1924	1.094010e-06
1925	6.733687e-07
1926	3.485420e-06
1927	2.348989e-06
1928	1.551515e-06
1929	7.031960e-06
1930	2.219873e-05
1931	1.322684e-06
1932	2.458144e-06
1933	4.668250e-06
1934	1.625792e-05
1935	6.469594e-06
1936	2.309185e-06
1937	8.201855e-06
1938	1.097916e-05
1939	7.827926e-06
1940	3.752317e-05
1941	4.430770e-06
1942	3.570661e-06
1943	1.102889e-05
1944	5.327675e-06
1945	5.642491e-06
1946	3.277004e-06
1947	3.487009e-06
1948	1.147759e-06
1949	3.396849e-06
1950	1.405478e-06
1951	2.087706e-06
1952	2.185022e-06
1953	7.875157e-07
1954	5.395579e-07
1955	0.000000e+00
1956	2.144871e-07
1957	2.575189e-06
1958	4.986107e-06
1959	1.463886e-03
1960	2.033078e-06
1961	6.203878e-06
1962	1.582476e-06
1963	7.152176e-06
1964	3.882646e-07
1965	7.092342e-08
1966	3.917450e-07
1967	3.956326e-06
1968	1.026623e-06
1969	3.048256e-06
1970	1.018909e-05
1971	6.385916e-06
1972	2.627359e-06
1973	1.927151e-06
1974	1.015056e-05
1975	2.030795e-07
1976	5.976880e-07
1977	1.182548e-05
1978	7.815257e-06
1979	3.802678e-04
1980	1.092531e-05
1981	5.571089e-06
1982	5.350699e-06
1983	2.689031e-06
1984	2.309115e-06
1985	4.209764e-06
1986	5.518576e-06
1987	1.945859e-05
1988	2.685942e-05
1989	9.618488e-06
1990	6.356027e-06
1991	3.108803e-05
1992	2.773044e-06
1993	1.942420e-03
1994	3.061091e-07
1995	1.942801e-05
1996	1.004447e-05
1997	3.645342e-06
1998	1.346446e-06
1999	4.310691e-06
2000	5.557593e-06
2001	1.581262e-04
2002	2.427557e-05
2003	2.727032e-05
2004	2.485004e-06
2005	2.529107e-06
2006	9.978300e-04
2007	5.758019e-04
2008	5.992707e-06
2009	1.087465e-05
2010	1.060792e-05
2011	1.446810e-06
2012	2.878435e-06
2013	4.584931e-06
2014	4.641623e-06
2015	6.720666e-06
2016	1.414954e-06
2017	2.970116e-05
2018	1.727659e-06
2019	4.373198e-07
2020	3.223499e-05
2021	1.882873e-05
2022	8.373496e-06
2023	1.787244e-05
2024	3.385043e-05
2025	7.979212e-06
2026	5.092607e-08
2027	7.603034e-06
2028	8.124908e-05
2029	3.148337e-05
2030	2.867498e-05
2031	1.182024e-05
2032	4.874071e-06
2033	6.238557e-06
2034	1.958451e-05
2035	6.924966e-06
2036	5.088787e-06
2037	3.342972e-06
2038	1.129443e-06
2039	9.026149e-07
2040	6.879947e-07
2041	1.021323e-05
2042	2.835283e-06
2043	3.254132e-05
2044	9.872574e-06
2045	9.329878e-06
2046	1.237897e-05
2047	4.136717e-06
2048	6.084700e-06
2049	2.254556e-05
2050	6.432307e-06
2051	9.339498e-06
2052	8.040253e-08
2053	9.895892e-07
2054	5.435727e-07
2055	2.697032e-06
2056	2.662491e-06
2057	4.625878e-06
2058	9.750306e-06
2059	4.131385e-06
2060	2.543069e-06
2061	1.791495e-06
2062	1.696226e-05
2063	5.144054e-06
2064	1.543818e-06
2065	7.633491e-06
2066	3.952574e-06
2067	1.001310e-05
2068	8.913680e-06
2069	3.485885e-06
2070	5.200081e-06
2071	9.410882e-07
2072	3.739796e-07
2073	1.130361e-06
2074	6.645704e-06
2075	2.503034e-06
2076	9.078328e-07
2077	4.593059e-07
2078	3.205667e-06
2079	1.431578e-07
2080	2.805192e-07
2081	3.686855e-06
2082	1.505878e-06
2083	8.495442e-07
2084	4.777576e-07
2085	4.150884e-06
2086	3.239978e-06
2087	1.515359e-06
2088	4.202347e-07
2089	2.464394e-07
2090	1.034560e-06
2091	9.548206e-07
2092	4.179098e-07
2093	1.057017e-06
2094	5.354010e-07
2095	4.036546e-06
2096	7.277253e-06
2097	3.536130e-06
2098	1.426033e-06
2099	2.861761e-06
2100	4.611439e-06
2101	2.977168e-06
2102	6.464105e-06
2103	1.529338e-06
2104	4.044297e-07
2105	1.877122e-06
2106	5.849317e-07
2107	7.657953e-07
2108	1.818769e-06
2109	2.389437e-06
2110	4.057019e-06
2111	4.903544e-06
2112	7.590907e-06
2113	6.723683e-06
2114	4.164865e-07
2115	1.184954e-05
2116	8.229866e-06
2117	7.639742e-06
2118	7.267643e-06
2119	1.048302e-05
2120	3.907790e-06
2121	1.360130e-05
2122	9.906207e-06
2123	1.118958e-05
2124	5.275406e-07
2125	1.594943e-06
2126	2.453114e-04
2127	8.879745e-06
2128	9.239725e-05
2129	1.977186e-06
2130	1.709492e-06
2131	5.549601e-04
2132	1.114534e-04
2133	1.903004e-05
2134	5.611172e-05
2135	1.937383e-06
2136	1.642212e-06
2137	1.257697e-06
2138	5.166216e-05
2139	5.751376e-05
2140	0.000000e+00
2141	1.875833e-06
2142	7.130749e-06
2143	8.773853e-05
2144	2.127599e-04
2145	3.215390e-05
2146	1.360827e-06
2147	1.309991e-06
2148	1.508076e-06
2149	3.322415e-07
2150	4.258072e-05
2151	1.988741e-05
2152	1.290117e-05
2153	3.909298e-06
2154	3.018419e-06
2155	3.916050e-06
2156	3.115029e-06
2157	8.735412e-07
2158	3.167257e-07
2159	6.697352e-07
2160	9.789599e-08
2161	3.793110e-07
2162	3.922118e-07
2163	0.000000e+00
2164	2.353452e-06
2165	6.916020e-06
2166	4.550537e-06
2167	6.478209e-07
2168	1.651288e-06
2169	4.182726e-07
2170	4.255370e-07
2171	7.637190e-06
2172	7.603704e-07
2173	1.052285e-06
2174	2.139157e-06
2175	1.704417e-06
2176	8.582247e-06
2177	1.721064e-06
2178	1.115604e-06
2179	1.571840e-06
2180	1.480685e-06
2181	5.461709e-07
2182	8.312327e-07
2183	1.079514e-06
2184	7.723845e-07
2185	1.285294e-06
2186	5.760236e-07
2187	2.060215e-06
2188	2.429696e-06
2189	5.492836e-06
2190	2.566745e-05
2191	3.491230e-06
2192	5.710325e-07
2193	4.278279e-07
2194	1.410448e-06
2195	3.425374e-06
2196	1.493112e-06
2197	5.873696e-06
2198	1.705420e-06
2199	1.671644e-06
2200	1.740570e-06
2201	7.058980e-06
2202	8.839763e-07
2203	1.968222e-06
2204	1.309657e-06
2205	8.659730e-07
2206	1.041436e-06
2207	2.318595e-05
2208	6.616251e-07
2209	3.252445e-06
2210	1.211058e-06
2211	1.373097e-05
2212	1.738124e-06
2213	6.624999e-05
2214	5.723968e-06
2215	9.278629e-06
2216	3.035149e-06
2217	2.338431e-03
2218	1.457577e-05
2219	1.369260e-05
2220	1.425224e-05
2221	1.293216e-05
2222	5.746718e-06
2223	8.962484e-06
2224	1.584872e-06
2225	7.122684e-07
2226	5.071755e-06
2227	1.145038e-05
2228	1.067780e-05
2229	1.519711e-07
2230	9.490677e-07
2231	8.813801e-07
2232	1.057666e-05
2233	4.132947e-06
2234	4.935973e-06
2235	6.846851e-06
2236	1.747843e-05
2237	2.743034e-06
2238	6.688104e-06
2239	4.036042e-06
2240	3.886275e-06
2241	3.169915e-06
2242	5.549673e-06
2243	1.480236e-06
2244	1.620376e-06
2245	6.480356e-07
2246	3.156828e-06
2247	1.444689e-06
2248	1.011476e-05
2249	1.458094e-06
2250	3.624940e-06
2251	5.149857e-06
2252	2.483969e-06
2253	9.212897e-07
2254	8.230649e-06
2255	9.661705e-07
2256	1.487174e-05
2257	4.867245e-05
2258	2.582330e-05
2259	2.458971e-06
2260	3.404028e-06
2261	4.386098e-06
2262	8.567477e-06
2263	5.808222e-06
2264	9.868089e-07
2265	7.297917e-06
2266	2.616514e-04
2267	5.451680e-06
2268	2.910626e-05
2269	4.839015e-06
2270	7.602317e-06
2271	2.420365e-05
2272	7.893913e-07
2273	5.744327e-05
2274	1.630112e-04
2275	8.577464e-05
2276	3.547790e-06
2277	3.819022e-05
2278	7.877278e-06
2279	6.448616e-06
2280	1.427370e-05
2281	4.140467e-06
2282	8.848415e-06
2283	8.795434e-06
2284	3.339623e-06
2285	6.308152e-06
2286	1.781473e-06
2287	7.213232e-05
2288	2.097621e-07
2289	1.803845e-06
2290	1.344415e-06
2291	9.727306e-06
2292	9.452460e-06
2293	1.492058e-05
2294	7.205700e-06
2295	1.130397e-05
2296	6.767663e-06
2297	6.464613e-06
2298	2.109457e-06
2299	2.957816e-06
2300	5.057784e-06
2301	3.675836e-05
2302	3.900490e-06
2303	9.047553e-06
2304	3.946789e-06
2305	1.810212e-06
2306	2.065894e-05
2307	5.045199e-06
2308	7.140307e-06
2309	5.914006e-06
2310	2.531159e-05
2311	7.801520e-05
2312	9.804610e-05
2313	2.051470e-05
2314	1.639821e-06
2315	1.486153e-06
2316	2.630950e-06
2317	1.806629e-06
2318	5.244256e-07
2319	9.679583e-06
2320	5.139274e-06
2321	4.772164e-06
2322	4.706413e-06
2323	1.346172e-06
2324	8.306598e-06
2325	1.093861e-05
2326	3.383590e-06
2327	5.739742e-06
2328	9.356836e-06
2329	5.809681e-06
2330	1.129260e-05
2331	1.022287e-06
2332	4.265702e-06
2333	2.726280e-06
2334	1.127436e-05
2335	1.136498e-06
2336	1.481293e-06
2337	6.897156e-06
2338	4.873571e-07
2339	6.980681e-07
2340	5.820792e-06
2341	3.654431e-07
2342	0.000000e+00
2343	4.456656e-07
2344	8.013298e-07
2345	4.185511e-06
2346	8.884995e-07
2347	3.572725e-06
2348	4.593729e-07
2349	1.542872e-07
2350	6.520477e-06
2351	3.975063e-05
2352	2.951143e-07
2353	1.851048e-05
2354	1.209379e-05
2355	4.218451e-06
2356	1.079269e-05
2357	2.090784e-05
2358	9.043887e-06
2359	3.170512e-06
2360	3.138602e-07
2361	2.892052e-07
2362	4.017260e-06
2363	9.381113e-06
2364	7.299879e-06
2365	1.421904e-06
2366	1.425298e-05
2367	1.065007e-07
2368	3.524270e-06
2369	2.873275e-07
2370	1.072147e-07
2371	3.165879e-07
2372	1.449143e-07
2373	2.071227e-06
2374	3.152645e-06
2375	5.953207e-06
2376	9.160691e-06
2377	9.622857e-06
2378	2.197175e-06
2379	3.945414e-06
2380	1.672562e-06
2381	1.879641e-06
2382	1.168725e-05
2383	7.808273e-07
2384	1.137234e-06
2385	4.585311e-05
2386	3.179992e-05
2387	8.466274e-06
2388	3.253495e-05
2389	7.227113e-06
2390	8.545628e-06
2391	2.652774e-06
2392	8.657928e-06
2393	1.445517e-05
2394	3.824095e-06
2395	4.065048e-06
2396	6.183767e-06
2397	5.855141e-06
2398	7.174841e-06
2399	9.839359e-06
2400	3.028468e-07
2401	4.293950e-07
2402	2.270473e-06
2403	8.601868e-06
2404	1.131929e-05
2405	1.909419e-06
2406	2.957077e-06
2407	3.042419e-06
2408	4.248961e-06
2409	4.434287e-06
2410	1.322748e-06
2411	5.269602e-06
2412	2.731271e-05
2413	2.542118e-06
2414	1.536531e-06
2415	1.842966e-05
2416	2.134489e-05
2417	1.711529e-06
2418	4.795574e-06
2419	3.171430e-06
2420	1.148298e-06
2421	2.597693e-06
2422	6.534363e-06
2423	1.705891e-06
2424	3.253528e-06
2425	1.902339e-05
2426	3.778487e-06
2427	2.678419e-06
2428	1.184186e-05
2429	5.733938e-06
2430	2.615022e-05
2431	7.942296e-06
2432	4.361261e-06
2433	9.761066e-07
2434	2.228086e-03
2435	2.341740e-02
2436	2.497377e-05
2437	2.455635e-03
2438	1.024464e-03
2439	8.847892e-04
2440	4.540901e-04
2441	1.483186e-05
2442	1.732618e-04
2443	7.160500e-06
2444	7.658488e-06
2445	2.868810e-06
2446	9.291329e-05
2447	2.750362e-05
2448	1.067559e-05
2449	3.594117e-05
2450	1.315611e-03
2451	3.786100e-06
2452	1.407311e-04
2453	6.057779e-03
2454	1.324427e-04
2455	2.169689e-04
2456	2.155530e-04
2457	5.288054e-04
2458	5.398417e-07
2459	5.949489e-06
2460	7.318082e-06
2461	8.056191e-05
2462	1.454436e-05
2463	5.954135e-05
2464	4.495729e-04
2465	6.683485e-06
2466	7.927453e-06
2467	2.903926e-06
2468	7.885115e-06
2469	4.429498e-06
2470	4.471461e-06
2471	1.198209e-05
2472	2.777756e-05
2473	1.242675e-04
2474	1.366297e-06
2475	1.226613e-06
2476	2.367820e-06
2477	2.450176e-06
2478	3.179415e-06
2479	5.837999e-06
2480	5.795977e-06
2481	4.760118e-06
2482	1.058107e-05
2483	9.168895e-06
2484	5.849844e-06
2485	7.481903e-06
2486	2.580786e-06
2487	1.086540e-05
2488	3.016810e-05
2489	1.409676e-05
2490	4.373484e-06
2491	2.112365e-06
2492	7.224727e-06
2493	7.996550e-06
2494	1.571528e-06
2495	1.224220e-06
2496	2.926781e-06
2497	2.005320e-06
2498	2.911817e-07
2499	1.013543e-06
2500	3.891486e-06
2501	3.414047e-06
2502	9.768607e-06
2503	2.095771e-06
2504	8.746473e-06
2505	3.404615e-06
2506	2.484114e-06
2507	3.486818e-06
2508	4.394474e-06
2509	2.665217e-06
2510	2.774571e-06
2511	2.217432e-06
2512	2.895285e-06
2513	2.657282e-06
2514	3.508180e-06
2515	5.298694e-06
2516	5.394380e-06
2517	7.452569e-06
2518	1.895506e-05
2519	2.713271e-06
2520	4.796597e-06
2521	3.900754e-06
2522	1.062914e-05
2523	3.970218e-06
2524	1.469531e-05
2525	5.862536e-06
2526	7.587191e-07
2527	2.820919e-06
2528	8.248297e-07
2529	2.558051e-06
2530	9.278117e-06
2531	9.035565e-06
2532	2.065562e-05
2533	1.025943e-06
2534	4.303519e-06
2535	9.550365e-06
2536	1.238975e-05
2537	1.685916e-06
2538	7.897823e-08
2539	3.848715e-06
2540	9.099332e-06
2541	8.443774e-06
2542	2.297749e-06
2543	5.359670e-06
2544	4.315597e-05
2545	4.020411e-07
2546	1.708846e-06
2547	1.292262e-05
2548	3.072084e-05
2549	8.728083e-06
2550	2.115284e-05
2551	2.524368e-05
2552	1.182089e-04
2553	5.527473e-04
2554	5.752510e-05
2555	5.704408e-06
2556	1.473016e-05
2557	4.380237e-06
2558	8.001150e-06
2559	1.139596e-05
2560	2.086483e-06
2561	2.254190e-06
2562	3.792375e-06
2563	9.564104e-06
2564	9.660993e-06
2565	6.647777e-06
2566	7.732193e-06
2567	6.316020e-06
2568	5.505053e-06
2569	1.282381e-05
2570	2.601512e-05
2571	2.864786e-05
2572	3.371712e-05
2573	4.119240e-05
2574	4.471554e-05
2575	8.397033e-07
2576	7.036180e-06
2577	8.806436e-06
2578	3.074383e-05
2579	4.360022e-06
2580	2.762632e-06
2581	2.896587e-06
2582	3.333274e-06
2583	1.479865e-05
2584	3.576744e-06
2585	4.635032e-06
2586	2.228792e-04
2587	1.084100e-05
2588	3.321623e-06
2589	4.097089e-06
2590	9.876406e-06
2591	6.687584e-04
2592	2.735331e-05
2593	5.237404e-06
2594	4.763044e-05
2595	1.832835e-06
2596	1.524037e-06
2597	9.586816e-07
2598	6.767958e-07
2599	4.759447e-06
2600	5.940921e-06
2601	3.605776e-05
2602	1.896202e-05
2603	2.325043e-05
2604	3.597282e-05
2605	2.000300e-05
2606	2.172564e-05
2607	5.937531e-05
2608	8.244037e-06
2609	5.848110e-06
2610	3.483088e-06
2611	2.520321e-06
2612	5.611848e-06
2613	8.545927e-06
2614	5.484691e-07
2615	7.914783e-08
2616	1.697201e-06
2617	1.172631e-07
2618	1.929769e-06
2619	2.012382e-06
2620	4.705589e-05
2621	1.550143e-06
2622	2.363895e-06
2623	1.107332e-06
2624	9.680998e-07
2625	2.134590e-06
2626	2.818386e-06
2627	1.122032e-05
2628	5.381967e-06
2629	4.366088e-07
2630	1.166236e-06
2631	1.260249e-06
2632	1.002398e-06
2633	2.181356e-07
2634	8.929824e-07
2635	1.302401e-06
2636	1.707263e-06
2637	9.196532e-06
2638	8.896675e-06
2639	1.099022e-05
2640	7.048471e-06
2641	6.286387e-05
2642	3.267416e-06
2643	4.862999e-06
2644	5.465864e-06
2645	1.093110e-05
2646	8.015748e-06
2647	5.376901e-06
2648	9.692398e-06
2649	3.728553e-06
2650	2.925486e-06
2651	2.966466e-06
2652	1.726739e-06
2653	6.635337e-06
2654	9.130125e-06
2655	1.075029e-05
2656	3.058164e-06
2657	3.618058e-07
2658	2.073952e-05
2659	6.162211e-05
2660	2.173565e-04
2661	5.016066e-06
2662	1.238578e-05
2663	1.204778e-05
2664	1.102437e-05
2665	4.240611e-06
2666	2.060573e-05
2667	2.735838e-05
2668	1.997721e-05
2669	2.028996e-03
2670	1.483656e-06
2671	1.281447e-03
2672	4.847438e-06
2673	9.422070e-06
2674	3.845082e-03
2675	1.076600e-06
2676	2.366699e-06
2677	1.059780e-06
2678	2.237630e-06
2679	2.289103e-06
2680	6.569245e-06
2681	7.565019e-06
2682	1.896533e-06
2683	1.693837e-05
2684	3.417657e-06
2685	1.041486e-05
2686	3.947495e-07
2687	5.038196e-06
2688	6.644659e-06
2689	2.936464e-06
2690	1.504549e-06
2691	8.171234e-06
2692	2.999269e-07
2693	1.787456e-05
2694	1.035976e-05
2695	8.045774e-06
2696	3.509543e-06
2697	5.054742e-06
2698	2.125287e-06
2699	1.291257e-06
2700	2.094909e-06
2701	5.813358e-07
2702	9.667454e-07
2703	1.547455e-06
2704	3.232749e-06
2705	1.788424e-05
2706	1.747858e-05
2707	5.116714e-07
2708	6.983096e-07
2709	8.323818e-06
2710	4.978346e-06
2711	1.045500e-05
2712	9.104029e-06
2713	9.104407e-06
2714	6.365487e-05
2715	2.325803e-06
2716	3.227957e-06
2717	2.324244e-06
2718	2.201558e-06
2719	2.140278e-06
2720	3.403739e-06
2721	4.128687e-06
2722	4.440256e-06
2723	1.500176e-05
2724	1.785249e-05
2725	1.501693e-05
2726	8.141979e-05
2727	3.945287e-05
2728	8.304025e-05
2729	8.507656e-06
2730	3.190239e-05
2731	1.616154e-06
2732	4.757864e-06
2733	1.838343e-05
2734	8.047714e-05
2735	6.369210e-05
2736	8.160661e-05
2737	6.803489e-04
2738	2.461702e-04
2739	3.220773e-04
2740	1.005096e-04
2741	1.199640e-03
2742	8.201889e-03
2743	2.788143e-03
2744	3.555654e-06
2745	2.291400e-06
2746	2.610510e-04
2747	2.028936e-04
2748	1.794671e-04
2749	6.982568e-05
2750	9.994796e-06
2751	9.000691e-04
2752	9.661936e-03
2753	6.793182e-03
2754	1.672766e-05
2755	1.153753e-04
2756	3.639199e-05
2757	4.666136e-05
2758	5.855109e-06
2759	1.414694e-05
2760	1.969593e-06
2761	4.214369e-05
2762	1.433504e-05
2763	9.994732e-05
2764	4.888577e-06
2765	8.357953e-06
2766	1.222236e-05
2767	8.774582e-07
2768	1.314359e-05
2769	1.010971e-06
2770	1.860874e-07
2771	5.387438e-04
2772	7.043687e-06
2773	4.255307e-04
2774	3.501490e-04
2775	5.635567e-06
2776	8.824378e-06
2777	9.134345e-06
2778	4.456450e-06
2779	1.923642e-05
2780	2.353552e-06
2781	5.357197e-06
2782	3.328924e-06
2783	4.485903e-06
2784	1.170101e-05
2785	1.368164e-06
2786	1.559008e-06
2787	1.173214e-06
2788	5.299718e-06
2789	4.920271e-06
2790	8.859259e-06
2791	4.575634e-06
2792	1.244486e-05
2793	6.798239e-06
2794	3.903221e-07
2795	2.312632e-07
2796	1.024224e-05
2797	5.954388e-07
2798	6.678419e-06
2799	2.856582e-07
2800	8.674377e-07
2801	3.298239e-06
2802	1.360012e-06
2803	5.657699e-06
2804	9.785510e-07
2805	3.603391e-06
2806	1.037148e-05
2807	9.176280e-06
2808	7.181217e-06
2809	5.864647e-06
2810	3.481025e-06
2811	5.054357e-06
2812	6.006021e-06
2813	2.534786e-06
2814	8.847201e-07
2815	8.403097e-07
2816	1.377174e-05
2817	7.775303e-06
2818	6.991486e-06
2819	1.849804e-05
2820	1.182433e-05
2821	1.028806e-05
2822	1.056258e-07
2823	3.190369e-05
2824	1.425774e-05
2825	1.152134e-05
2826	7.418685e-06
2827	1.687833e-05
2828	1.602140e-05
2829	5.229074e-07
2830	2.433753e-05
2831	8.670588e-06
2832	2.724243e-05
2833	2.007304e-06
2834	3.272432e-05
2835	3.629627e-05
2836	3.279818e-05
2837	3.160249e-05
2838	3.269215e-05
2839	3.567456e-05
2840	2.314693e-06
2841	9.700125e-06
2842	1.121260e-05
2843	2.687806e-06
2844	1.442368e-05
2845	3.042749e-06
2846	1.007192e-05
2847	2.798169e-05
2848	3.332642e-05
2849	3.927320e-06
2850	2.804730e-05
2851	2.579581e-05
2852	3.728150e-05
2853	3.030042e-05
2854	3.372710e-05
2855	4.482901e-06
2856	2.252728e-05
2857	4.550089e-05
2858	1.682954e-05
2859	1.953473e-05
2860	4.688563e-06
2861	1.203419e-06
2862	1.092228e-06
2863	1.901196e-06
2864	1.003497e-06
2865	1.238064e-06
2866	1.117844e-05
2867	9.538995e-06
2868	1.641318e-06
2869	3.481833e-07
2870	4.020092e-06
2871	4.901328e-06
2872	5.596502e-06
2873	7.467100e-06
2874	9.154064e-06
2875	1.295959e-05
2876	1.764026e-06
2877	1.286354e-05
2878	1.210188e-05
2879	1.329483e-05
2880	1.053753e-06
2881	6.153701e-06
2882	2.560437e-05
2883	2.718325e-06
2884	8.396371e-07
2885	1.499741e-06
2886	1.622884e-06
2887	4.107256e-07
2888	1.340760e-06
2889	7.896979e-06
2890	4.406086e-06
2891	1.271247e-05
2892	4.886200e-06
2893	4.528769e-06
2894	1.084980e-05
2895	4.284339e-06
2896	1.688897e-05
2897	1.489100e-05
2898	2.374667e-06
2899	2.617013e-06
2900	4.163933e-06
2901	2.765076e-06
2902	4.497480e-06
2903	8.654403e-06
2904	2.476567e-06
2905	1.182098e-06
2906	1.184704e-05
2907	2.268001e-06
2908	1.679006e-06
2909	5.257585e-06
2910	9.016840e-06
2911	5.382411e-06
2912	2.465907e-05
2913	3.870984e-06
2914	1.505719e-06
2915	2.369603e-06
2916	3.911445e-06
2917	4.255064e-06
2918	8.231886e-06
2919	1.061016e-06
2920	2.888658e-07
2921	2.223592e-06
2922	8.201966e-06
2923	4.755207e-06
2924	4.156068e-06
2925	9.800698e-06
2926	9.180547e-06
2927	5.040787e-06
2928	1.279170e-05
2929	2.205088e-05
2930	1.248920e-05
2931	1.115369e-05
2932	1.614832e-06
2933	2.571010e-05
2934	4.207447e-04
2935	6.261591e-04
2936	2.517916e-05
2937	1.008450e-05
2938	8.769759e-06
2939	2.993390e-05
2940	1.892613e-06
2941	4.544361e-06
2942	6.834347e-06
2943	1.042207e-06
2944	4.713539e-07
2945	6.314995e-06
2946	2.956400e-06
2947	1.585152e-05
2948	7.125875e-06
2949	1.037143e-05
2950	4.054481e-06
2951	3.252525e-06
2952	1.151683e-05
2953	2.179963e-05
2954	5.181186e-06
2955	2.797674e-06
2956	8.283041e-06
2957	1.974895e-06
2958	1.355779e-05
2959	1.665975e-05
2960	4.110446e-05
2961	3.222817e-06
2962	1.169032e-07
2963	2.958922e-06
2964	3.092657e-06
2965	3.452978e-06
2966	3.233114e-06
2967	5.207125e-06
2968	6.754663e-06
2969	4.428143e-06
2970	3.932486e-06
2971	5.894593e-07
2972	9.468963e-06
2973	0.000000e+00
2974	3.261266e-06
2975	1.048782e-06
2976	3.908352e-07
2977	7.863806e-07
2978	1.964619e-06
2979	8.878262e-08
2980	3.536480e-07
2981	1.741439e-06
2982	3.550994e-07
2983	4.562523e-07
2984	1.009864e-05
2985	3.012522e-06
2986	4.216527e-06
2987	8.218304e-06
2988	4.508386e-06
2989	1.407903e-06
2990	2.732759e-06
2991	1.318170e-06
2992	1.014554e-05
2993	2.475847e-06
2994	4.076580e-06
2995	1.908342e-06
2996	7.093618e-06
2997	6.313436e-06
2998	5.366609e-06
2999	2.307582e-04
3000	1.577795e-04
3001	1.127755e-06
3002	3.259946e-06
3003	8.451474e-06
3004	2.764322e-06
3005	4.318421e-06
3006	3.195415e-06
3007	2.169006e-06
3008	6.412491e-07
3009	1.282004e-06
3010	6.817113e-07
3011	9.300636e-07
3012	5.102779e-07
3013	7.774281e-07
3014	2.013879e-06
3015	2.247202e-06
3016	3.011945e-06
3017	2.888562e-06
3018	1.892630e-06
3019	2.158567e-06
3020	4.316783e-08
3021	4.684294e-07
3022	7.958438e-07
3023	1.265561e-07
3024	1.266786e-06
3025	2.612564e-06
3026	6.720455e-07
3027	6.196012e-06
3028	4.733442e-06
3029	7.280750e-07
3030	1.128555e-06
3031	7.741135e-07
3032	9.016235e-07
3033	3.664091e-06
3034	7.864530e-06
3035	5.743008e-07
3036	1.818823e-06
3037	2.301255e-06
3038	1.062969e-04
3039	1.151474e-06
3040	7.557008e-03
3041	6.480344e-05
3042	3.463106e-03
3043	3.323259e-04
3044	1.584252e-05
3045	4.306132e-04
3046	2.437304e-04
3047	5.264290e-04
3048	1.242929e-03
3049	8.293006e-04
3050	3.578669e-04
3051	3.000289e-04
3052	2.075867e-04
3053	1.452124e-04
3054	1.305002e-04
3055	9.547211e-05
3056	2.757839e-05
3057	5.169029e-05
3058	1.309354e-05
3059	2.715920e-06
3060	6.988315e-06
3061	1.257564e-05
3062	1.558546e-05
3063	2.907368e-05
3064	1.225823e-02
3065	9.364037e-06
3066	1.526048e-05
3067	7.762714e-03
3068	3.324486e-07
3069	7.277526e-07
3070	1.077213e-05
3071	8.467282e-06
3072	8.503329e-06
3073	1.101231e-06
3074	9.029184e-08
3075	3.181100e-06
3076	7.181919e-06
3077	7.526870e-06
3078	6.892302e-06
3079	1.001427e-05
3080	4.880257e-06
3081	2.183743e-06
3082	5.957607e-06
3083	1.765882e-06
3084	5.870907e-07
3085	2.736284e-06
3086	1.948306e-06
3087	1.207724e-06
3088	0.000000e+00
3089	0.000000e+00
3090	7.378942e-08
3091	1.156761e-06
3092	1.084341e-06
3093	2.594203e-06
3094	5.066436e-07
3095	6.315262e-07
3096	1.994483e-06
3097	1.233822e-06
3098	1.421423e-06
3099	5.698833e-07
3100	1.911522e-06
3101	9.046327e-07
3102	6.843667e-07
3103	2.126618e-07
3104	2.903427e-06
3105	2.432919e-06
3106	1.134526e-06
3107	6.558028e-07
3108	1.693349e-06
3109	3.949964e-06
3110	2.174975e-06
3111	6.311166e-07
3112	3.097840e-06
3113	5.892214e-07
3114	3.377509e-06
3115	3.959729e-06
3116	1.708885e-06
3117	1.051172e-06
3118	1.624327e-06
3119	2.552000e-06
3120	8.360619e-06
3121	1.721998e-06
3122	4.107660e-06
3123	8.393763e-07
3124	2.197383e-06
3125	1.812855e-06
3126	8.696955e-07
3127	4.287774e-07
3128	3.647846e-07
3129	1.302473e-07
3130	2.174131e-06
3131	1.813099e-06
3132	2.109627e-06
3133	5.179369e-06
3134	6.139253e-07
3135	5.447088e-07
3136	3.052403e-07
3137	4.986368e-07
3138	1.565439e-06
3139	6.861812e-07
3140	5.922636e-07
3141	4.933197e-07
3142	2.995285e-06
3143	1.725294e-06
3144	3.244180e-06
3145	3.298981e-06
3146	1.878331e-06
3147	1.232415e-05
3148	6.188826e-06
3149	1.518658e-03
3150	2.085769e-05
3151	1.081988e-04
3152	2.146903e-05
3153	5.798956e-07
3154	2.734042e-05
3155	3.578636e-06
3156	6.604724e-06
3157	8.091860e-07
3158	3.102412e-06
3159	9.098165e-06
3160	1.209108e-06
3161	6.739573e-06
3162	2.779810e-06
3163	6.121935e-06
3164	7.845781e-06
3165	8.898880e-07
3166	4.526945e-06
3167	3.301322e-06
3168	5.249507e-06
3169	9.041587e-06
3170	8.458471e-06
3171	9.320127e-06
3172	4.466328e-06
3173	4.088003e-06
3174	6.678397e-06
3175	8.144649e-06
3176	9.412040e-06
3177	2.488019e-06
3178	2.071614e-06
3179	3.160377e-06
3180	2.958044e-06
3181	1.632356e-06
3182	1.115187e-06
3183	1.054406e-06
3184	1.130448e-06
3185	9.535838e-06
3186	6.114490e-06
3187	1.045208e-05
3188	7.862578e-06
3189	6.895710e-06
3190	1.799679e-06
3191	3.157104e-06
3192	3.468804e-07
3193	1.006398e-06
3194	1.362045e-06
3195	1.020725e-05
3196	7.373774e-06
3197	8.459473e-05
3198	2.488480e-04
3199	1.228813e-05
3200	3.484383e-07
3201	1.726113e-06
3202	7.003576e-05
3203	1.744768e-07
3204	2.958162e-06
3205	2.666594e-06
3206	6.207982e-05
3207	1.089383e-05
3208	4.147067e-05
3209	1.144221e-05
3210	7.303627e-06
3211	1.669648e-05
3212	1.165541e-04
3213	6.566776e-05
3214	4.381049e-05
3215	3.892277e-05
3216	4.540761e-05
3217	2.195489e-05
3218	3.499196e-05
3219	7.242247e-05
3220	1.690777e-03
3221	1.224800e-03
3222	1.810663e-03
3223	2.068262e-04
3224	8.134335e-05
3225	3.866292e-06
3226	4.735003e-05
3227	8.484346e-04
3228	2.892103e-04
3229	3.414658e-04
3230	1.575658e-06
3231	1.848131e-05
3232	3.504916e-06
3233	9.125691e-06
3234	6.855975e-06
3235	7.909523e-06
3236	6.607243e-06
3237	7.573896e-06
3238	8.876481e-06
3239	2.408509e-05
3240	1.500988e-06
3241	1.038105e-06
3242	8.410705e-07
3243	3.689869e-06
3244	1.284117e-06
3245	6.590950e-06
3246	1.321272e-06
3247	9.722898e-07
3248	1.741344e-06
3249	2.730015e-06
3250	1.720358e-06
3251	3.935203e-06
3252	8.618623e-06
3253	1.496549e-08
3254	1.957145e-06
3255	7.722065e-06
3256	4.644539e-06
3257	5.423932e-06
3258	9.349028e-06
3259	3.649657e-06
3260	3.530638e-06
3261	8.134668e-07
3262	1.277198e-06
3263	9.028386e-07
3264	5.257359e-07
3265	1.676984e-06
3266	1.127063e-06
3267	9.487808e-06
3268	1.547291e-06
3269	5.406228e-06
3270	1.744830e-06
3271	4.481359e-06
3272	6.086518e-07
3273	1.369267e-06
3274	1.031171e-06
3275	2.306484e-06
3276	1.586469e-06
3277	2.261117e-06
3278	1.340415e-06
3279	5.561703e-07
3280	1.401790e-07
3281	7.906423e-07
3282	7.407838e-07
3283	8.047024e-07
3284	2.134603e-06
3285	6.525035e-06
3286	5.390003e-07
3287	7.837306e-07
3288	5.773669e-07
3289	3.570991e-07
3290	4.531654e-05
3291	3.078412e-06
3292	1.690611e-05
3293	8.033334e-07
3294	6.549000e-06
3295	2.243067e-05
3296	3.702975e-07
3297	7.520962e-07
3298	1.652496e-06
3299	8.307182e-06
3300	7.635598e-07
3301	1.217396e-06
3302	6.353072e-06
3303	5.361269e-07
3304	9.014826e-07
3305	2.068957e-06
3306	4.593445e-06
3307	6.225059e-06
3308	5.011612e-06
3309	1.835019e-06
3310	9.414737e-06
3311	3.622823e-05
3312	5.691466e-06
3313	6.421282e-06
3314	1.010154e-06
3315	1.011166e-05
3316	1.788311e-06
3317	1.919383e-06
3318	8.146188e-08
3319	9.023611e-09
3320	1.258193e-07
3321	7.720984e-07
3322	9.022451e-06
3323	3.104464e-06
3324	5.287061e-07
3325	3.774178e-06
3326	4.822928e-06
3327	3.026845e-06
3328	9.940979e-06
3329	4.123892e-06
3330	5.299159e-06
3331	3.210427e-06
3332	8.714988e-06
3333	5.278733e-06
3334	8.065169e-06
3335	5.850877e-07
3336	5.543659e-06
3337	8.960527e-06
3338	1.229337e-05
3339	9.035110e-06
3340	2.119649e-06
3341	1.648149e-06
3342	1.157421e-06
3343	1.997086e-06
3344	3.320450e-06
3345	2.090747e-06
3346	6.190243e-05
3347	8.972239e-06
3348	2.664829e-05
3349	1.212533e-04
3350	1.339626e-05
3351	6.580491e-04
3352	7.703688e-04
3353	8.749490e-04
3354	1.748562e-05
3355	4.241995e-06
3356	8.009111e-07
3357	1.464371e-05
3358	1.072362e-05
3359	1.607435e-05
3360	1.624503e-04
3361	1.854193e-05
3362	2.538163e-05
3363	6.105873e-06
3364	1.129079e-05
3365	1.542875e-05
3366	2.222975e-05
3367	3.722453e-05
3368	2.629911e-05
3369	2.041241e-05
3370	3.581615e-05
3371	4.430933e-05
3372	1.132167e-05
3373	5.769065e-06
3374	9.241990e-06
3375	9.690345e-06
3376	5.253449e-06
3377	1.567954e-05
3378	1.050109e-05
3379	3.968208e-06
3380	1.173360e-05
3381	1.096430e-05
3382	5.984055e-06
3383	2.650796e-06
3384	9.428451e-06
3385	8.506984e-06
3386	3.567456e-06
3387	5.139914e-06
3388	6.483208e-06
3389	2.501026e-06
3390	1.679893e-06
3391	3.149862e-06
3392	1.508268e-06
3393	3.100330e-05
3394	6.747516e-06
3395	4.979195e-06
3396	1.354731e-06
3397	1.681721e-05
3398	1.626261e-05
3399	1.002965e-06
3400	3.394471e-06
3401	1.044961e-05
3402	1.574939e-06
3403	1.232693e-05
3404	2.781250e-06
3405	2.171924e-05
3406	8.845085e-06
3407	4.127898e-06
3408	5.174537e-06
3409	2.860488e-05
3410	2.997111e-06
3411	3.307917e-06
3412	7.625994e-06
3413	9.433243e-06
3414	2.595922e-06
3415	1.458180e-05
3416	9.789317e-06
3417	9.043494e-06
3418	2.409161e-06
3419	5.665645e-06
3420	5.672276e-06
3421	6.613826e-06
3422	1.489909e-05
3423	7.742302e-06
3424	5.631522e-06
3425	1.717889e-06
3426	4.411636e-06
3427	5.371980e-06
3428	1.204243e-05
3429	3.664059e-06
3430	8.627362e-06
3431	4.432215e-06
3432	3.848010e-06
3433	1.180934e-05
3434	1.002533e-05
3435	2.596257e-06
3436	0.000000e+00
3437	1.191607e-06
3438	2.395100e-06
3439	2.532973e-06
3440	9.339100e-06
3441	2.049992e-06
3442	4.176062e-06
3443	5.293952e-06
3444	5.770057e-06
3445	1.458682e-05
3446	1.538892e-05
3447	1.683607e-04
3448	1.072601e-05
3449	7.877918e-06
3450	6.973962e-05
3451	1.967102e-05
3452	7.490838e-06
3453	4.514092e-06
3454	5.590882e-06
3455	5.347369e-06
3456	1.043234e-05
3457	1.316502e-05
3458	9.014455e-06
3459	3.341157e-05
3460	2.384033e-05
3461	4.009596e-05
3462	8.042903e-06
3463	7.757181e-06
3464	3.558015e-05
3465	3.449992e-05
3466	2.414039e-05
3467	2.734214e-05
3468	9.835579e-06
3469	5.383423e-06
3470	7.341727e-06
3471	7.521470e-06
3472	2.775010e-05
3473	1.424114e-03
3474	6.196770e-06
3475	1.731343e-05
3476	6.617012e-06
3477	1.627606e-05
3478	2.306718e-05
3479	1.777850e-05
3480	3.562591e-06
3481	1.623006e-06
3482	2.448594e-06
3483	1.136250e-06
3484	3.048126e-06
3485	6.139526e-06
3486	1.207171e-05
3487	9.999190e-06
3488	1.757627e-06
3489	1.097782e-05
3490	1.079920e-05
3491	6.869161e-06
3492	9.767343e-06
3493	2.175604e-04
3494	1.220076e-04
3495	1.406729e-05
3496	1.381037e-04
3497	2.078947e-04
3498	1.074090e-04
3499	4.661890e-06
3500	2.660056e-05
3501	3.196514e-06
3502	2.712443e-06
3503	9.359531e-06
3504	8.846004e-06
3505	3.561208e-05
3506	8.719809e-06
3507	5.054389e-06
3508	4.835741e-06
3509	5.147644e-06
3510	2.170886e-07
3511	3.667252e-06
3512	1.321692e-06
3513	6.058047e-07
3514	5.352185e-07
3515	1.149797e-06
3516	1.371007e-06
3517	1.011559e-06
3518	5.495394e-06
3519	1.501585e-06
3520	2.746119e-06
3521	3.105629e-07
3522	6.650192e-06
3523	2.511849e-06
3524	9.718346e-06
3525	1.307770e-06
3526	3.861320e-07
3527	3.325098e-06
3528	2.178954e-07
3529	1.566448e-06
3530	1.190923e-06
3531	1.534264e-05
3532	8.442946e-06
3533	4.653525e-06
3534	4.887099e-06
3535	2.496530e-06
3536	2.796430e-06
3537	6.135870e-06
3538	2.591149e-05
3539	3.686828e-06
3540	2.621502e-06
3541	3.014797e-06
3542	8.507143e-06
3543	8.540153e-06
3544	7.051312e-06
3545	2.963259e-06
3546	4.688360e-06
3547	4.248380e-06
3548	1.981294e-06
3549	2.513572e-06
3550	1.741728e-06
3551	4.767748e-07
3552	2.397250e-06
3553	1.217480e-06
3554	4.203388e-07
3555	2.610130e-07
3556	7.398565e-07
3557	6.939894e-07
3558	1.327477e-06
3559	4.631724e-08
3560	1.153815e-06
3561	4.956840e-07
3562	2.448778e-07
3563	1.195898e-07
3564	6.040919e-07
3565	6.824080e-07
3566	2.177894e-07
3567	4.817234e-07
3568	3.989012e-06
3569	2.642905e-06
3570	5.817046e-06
3571	2.434355e-06
3572	2.369839e-06
3573	2.462862e-06
3574	3.071023e-06
3575	1.933979e-06
3576	1.179914e-05
3577	1.345916e-05
3578	1.316320e-05
3579	1.133695e-05
3580	9.701258e-06
3581	1.673860e-05
3582	1.942545e-05
3583	1.354984e-05
3584	9.377432e-06
3585	1.395088e-05
3586	7.434729e-06
3587	4.466460e-06
3588	2.196533e-06
3589	5.954457e-07
3590	4.911618e-06
3591	3.831913e-06
3592	1.234702e-06
3593	4.613101e-06
3594	5.036482e-06
3595	2.133997e-06
3596	2.099769e-06
3597	0.000000e+00
3598	7.084559e-06
3599	1.935802e-05
3600	1.353550e-05
3601	5.762929e-06
3602	8.993029e-06
3603	1.514710e-05
3604	1.312060e-05
3605	4.173332e-06
3606	3.522732e-06
3607	9.532505e-06
3608	5.986801e-03
3609	1.148235e-04
3610	1.981317e-04
3611	3.900508e-05
3612	1.069711e-04
3613	2.026176e-04
3614	6.103012e-05
3615	2.264022e-05
3616	1.232829e-04
3617	5.983320e-04
3618	8.524140e-04
3619	5.792772e-05
3620	3.049719e-06
3621	5.834105e-03
3622	1.411441e-03
3623	4.046966e-04
3624	9.329212e-07
3625	1.287194e-03
3626	4.108586e-06
3627	2.943977e-05
3628	3.547717e-05
3629	1.517330e-03
3630	9.732569e-06
3631	2.477449e-05
3632	2.379579e-05
3633	1.754923e-06
3634	6.699154e-04
3635	5.661397e-04
3636	1.591720e-06
3637	9.844112e-06
3638	3.847483e-06
3639	9.874352e-06
3640	9.090322e-06
3641	2.925953e-06
3642	1.643827e-06
3643	5.836757e-07
3644	8.670731e-06
3645	1.328819e-06
3646	2.200309e-06
3647	1.314415e-06
3648	3.521192e-06
3649	1.668479e-06
3650	6.666239e-07
3651	3.236634e-06
3652	3.101574e-06
3653	7.349853e-06
3654	6.332794e-06
3655	1.569254e-05
3656	5.222450e-06
3657	3.515409e-06
3658	4.371404e-06
3659	1.393823e-07
3660	8.036161e-07
3661	1.704909e-05
3662	8.785574e-07
3663	4.661364e-05
3664	5.086853e-06
3665	2.847069e-06
3666	1.240348e-06
3667	1.644912e-06
3668	1.363223e-06
3669	2.044168e-06
3670	3.963173e-05
3671	7.953495e-06
3672	2.391332e-05
3673	2.458816e-05
3674	4.450658e-06
3675	3.193311e-05
3676	2.062101e-05
3677	1.739155e-05
3678	2.612049e-05
3679	5.506140e-05
3680	1.466447e-06
3681	2.884142e-05
3682	4.418497e-05
3683	4.724147e-05
3684	2.173580e-05
3685	2.911182e-05
3686	7.008018e-06
3687	4.401873e-05
3688	2.719093e-05
3689	9.902123e-06
3690	2.536530e-05
3691	1.327217e-05
3692	6.386167e-06
3693	2.867444e-05
3694	1.386518e-05
3695	2.375390e-05
3696	2.030433e-04
3697	2.295935e-05
3698	4.784945e-05
3699	2.061457e-05
3700	3.633744e-05
3701	4.531370e-05
3702	3.282740e-05
3703	4.476898e-05
3704	3.471740e-05
3705	8.240960e-06
3706	6.142495e-06
3707	9.967037e-06
3708	4.976439e-06
3709	3.929561e-06
3710	7.891018e-06
3711	4.977799e-06
3712	6.230424e-06
3713	1.032078e-05
3714	7.195615e-06
3715	7.431428e-06
3716	1.623254e-05
3717	6.901349e-06
3718	6.379305e-06
3719	1.651282e-05
3720	2.171671e-05
3721	3.512680e-05
3722	3.232590e-05
3723	5.254926e-06
3724	4.471846e-06
3725	1.673607e-05
3726	1.579823e-05
3727	6.261781e-07
3728	1.041820e-05
3729	2.985816e-06
3730	1.358128e-06
3731	2.389813e-06
3732	7.789791e-06
3733	6.053665e-06
3734	7.272450e-06
3735	7.940010e-06
3736	5.045288e-06
3737	1.790892e-05
3738	3.721741e-07
3739	5.301650e-07
3740	2.601867e-07
3741	1.477809e-06
3742	1.122788e-06
3743	2.553974e-06
3744	6.390906e-06
3745	8.310201e-06
3746	1.921046e-05
3747	4.176111e-06
3748	4.821304e-06
3749	1.753157e-06
3750	3.316106e-06
3751	4.603245e-06
3752	5.265924e-05
3753	1.556170e-05
3754	2.458742e-04
3755	2.571512e-06
3756	1.161516e-05
3757	5.522622e-06
3758	3.345617e-05
3759	3.876822e-05
3760	1.207227e-05
3761	2.379643e-06
3762	1.187148e-05
3763	6.958028e-05
3764	4.011192e-05
3765	8.326044e-05
3766	2.040447e-05
3767	1.799626e-04
3768	6.575711e-06
3769	3.176963e-06
3770	2.843131e-06
3771	3.155272e-07
3772	5.217122e-06
3773	4.298957e-06
3774	7.216496e-07
3775	4.225331e-06
3776	3.926616e-06
3777	9.877092e-06
3778	2.330339e-05
3779	3.029346e-06
3780	2.946726e-05
3781	2.551038e-05
3782	2.780123e-05
3783	2.449999e-05
3784	3.683483e-06
3785	7.717919e-06
3786	4.781267e-06
3787	1.025061e-05
3788	7.297843e-06
3789	4.761752e-06
3790	4.465112e-06
3791	1.181205e-05
3792	1.351037e-06
3793	0.000000e+00
3794	1.573806e-06
3795	7.684314e-07
3796	6.290628e-07
3797	2.329208e-07
3798	6.766323e-07
3799	5.489034e-07
3800	5.364139e-07
3801	0.000000e+00
3802	2.631628e-07
3803	5.040726e-06
3804	8.384077e-06
3805	2.372123e-05
3806	2.861771e-03
3807	5.199580e-04
3808	1.201592e-05
3809	1.001969e-04
3810	1.425121e-04
3811	1.832782e-04
3812	6.069673e-04
3813	3.582939e-04
3814	5.580446e-06
3815	2.504058e-06
3816	4.331624e-06
3817	2.873779e-03
3818	1.008671e-05
3819	8.720692e-06
3820	1.016094e-06
3821	1.454701e-06
3822	1.609792e-06
3823	2.204052e-06
3824	2.464205e-06
3825	1.853616e-06
3826	1.463480e-06
3827	1.898273e-06
3828	2.144034e-06
3829	1.747495e-06
3830	5.492842e-06
3831	8.206636e-07
3832	5.134586e-06
3833	3.264734e-06
3834	5.445249e-06
3835	6.488723e-07
3836	1.738728e-06
3837	2.110674e-06
3838	1.006049e-06
3839	1.748636e-06
3840	2.436874e-06
3841	5.774914e-06
3842	3.091861e-06
3843	4.730595e-06
3844	2.287395e-06
3845	3.713927e-06
3846	2.145967e-07
3847	5.433580e-07
3848	1.987940e-07
3849	1.972187e-06
3850	3.205409e-07
3851	1.371053e-06
3852	2.838315e-07
3853	4.501052e-07
3854	7.735729e-07
3855	2.533466e-06
3856	5.516916e-06
3857	2.260594e-06
3858	4.758371e-06
3859	5.657757e-07
3860	7.839499e-08
3861	3.009745e-06
3862	2.790364e-06
3863	1.243429e-06
3864	1.011532e-06
3865	5.868991e-07
3866	1.433924e-06
3867	2.195373e-06
3868	8.345340e-07
3869	1.474797e-06
3870	1.328430e-07
3871	3.312796e-06
3872	5.647548e-07
3873	6.925180e-04
3874	3.505829e-05
3875	2.136563e-05
3876	2.595612e-05
3877	3.018672e-05
3878	3.293040e-05
3879	6.910197e-06
3880	9.420019e-06
3881	1.029439e-06
3882	4.458252e-06
3883	3.168776e-06
3884	2.604593e-06
3885	2.865545e-05
3886	1.419462e-05
3887	3.904688e-06
3888	5.467523e-06
3889	4.029515e-06
3890	2.516371e-06
3891	1.465559e-06
3892	1.930721e-06
3893	3.468563e-06
3894	3.036817e-06
3895	3.922662e-07
3896	9.741137e-06
3897	4.410497e-06
3898	1.366969e-06
3899	6.013137e-06
3900	2.445954e-06
3901	8.377465e-06
3902	1.548638e-05
3903	1.320122e-05
3904	1.468274e-05
3905	6.585959e-06
3906	8.124862e-06
3907	2.828076e-06
3908	9.409019e-06
3909	4.441699e-06
3910	3.301260e-06
3911	5.644688e-06
3912	1.886948e-04
3913	1.116183e-05
3914	3.564194e-05
3915	7.115229e-06
3916	4.812182e-06
3917	1.269092e-04
3918	2.496839e-04
3919	2.469024e-04
3920	7.491062e-04
3921	2.807443e-03
3922	6.134219e-03
3923	2.574683e-03
3924	1.529819e-05
3925	1.249155e-05
3926	1.324134e-05
3927	1.119213e-05
3928	1.249145e-05
3929	1.375711e-05
3930	5.431351e-06
3931	5.788449e-06
3932	5.997857e-06
3933	1.672525e-06
3934	2.696331e-06
3935	1.870609e-07
3936	1.349681e-06
3937	3.096746e-07
3938	4.076720e-06
3939	5.560031e-07
3940	7.647666e-07
3941	1.388269e-06
3942	2.727307e-06
3943	1.767806e-06
3944	1.450551e-06
3945	8.751488e-07
3946	1.776811e-06
3947	1.266986e-06
3948	1.742521e-06
3949	3.404550e-06
3950	1.085659e-06
3951	2.890533e-06
3952	1.841778e-06
3953	1.361125e-06
3954	1.840219e-06
3955	3.554078e-04
3956	2.874627e-05
3957	1.941157e-06
3958	1.002624e-06
3959	1.074161e-06
3960	1.926159e-06
3961	2.352781e-07
3962	1.264376e-07
3963	1.124316e-06
3964	4.759628e-07
3965	7.489094e-07
3966	1.010272e-07
3967	0.000000e+00
3968	4.190160e-06
3969	3.788167e-06
3970	1.375203e-06
3971	7.925120e-07
3972	4.286500e-07
3973	2.391587e-05
3974	2.435767e-06
3975	5.201296e-07
3976	1.190064e-07
3977	3.320783e-06
3978	1.144888e-05
3979	3.845171e-06
3980	2.872697e-06
3981	2.556118e-06
3982	1.410841e-05
3983	1.198316e-05
3984	1.486361e-05
3985	3.001362e-05
3986	1.163267e-05
3987	8.099082e-03
3988	3.010932e-03
3989	2.475226e-04
3990	7.955783e-06
3991	2.530975e-04
3992	2.948128e-05
3993	1.037806e-04
3994	1.115240e-04
3995	1.088766e-04
3996	3.744619e-05
3997	6.370322e-05
3998	2.964456e-05
3999	7.999197e-06
4000	2.183457e-06
4001	4.321363e-05
4002	6.120513e-06
4003	4.401013e-06
4004	4.224384e-06
4005	3.695124e-06
4006	3.528116e-06
4007	5.761043e-06
4008	4.568450e-06
4009	3.864281e-06
4010	1.793645e-06
4011	4.144979e-06
4012	6.482023e-06
4013	7.200437e-06
4014	1.331950e-06
4015	6.172325e-06
4016	7.337138e-06
4017	5.230235e-06
4018	5.084671e-06
4019	4.597509e-07
4020	2.738790e-06
4021	3.952084e-06
4022	6.906226e-06
4023	2.671667e-06
4024	1.852882e-05
4025	8.951520e-06
4026	1.651023e-05
4027	5.381258e-06
4028	4.228022e-06
4029	4.829620e-05
4030	1.404809e-05
4031	3.107702e-05
4032	2.339806e-05
4033	2.167409e-05
4034	5.560690e-05
4035	2.123821e-05
4036	2.016617e-05
4037	2.455024e-05
4038	3.216666e-06
4039	2.120064e-06
4040	3.309861e-06
4041	2.598060e-06
4042	3.613379e-05
4043	2.667182e-06
4044	5.422595e-06
4045	3.252694e-06
4046	6.524058e-05
4047	7.034043e-05
4048	3.751631e-05
4049	3.138047e-05
4050	5.638979e-06
4051	3.843995e-07
4052	9.578215e-09
4053	2.181068e-07
4054	9.327621e-08
4055	0.000000e+00
4056	8.668590e-07
4057	4.278688e-07
4058	3.593609e-07
4059	0.000000e+00
4060	1.491170e-07
4061	1.673830e-07
4062	2.817551e-06
4063	3.592082e-06
4064	1.400978e-06
4065	3.381906e-06
4066	2.876792e-06
4067	1.106457e-06
4068	2.082432e-05
4069	1.674248e-05
4070	1.804760e-05
4071	3.182760e-06
4072	9.141774e-06
4073	8.017266e-06
4074	8.608530e-07
4075	1.446908e-06
4076	4.035891e-07
4077	1.319819e-07
4078	1.436926e-06
4079	2.766991e-06
4080	2.602885e-06
4081	1.629440e-06
4082	1.838290e-05
4083	5.230048e-06
4084	3.593182e-06
4085	1.182570e-05
4086	2.972201e-05
4087	5.481530e-07
4088	2.293747e-06
4089	2.232672e-06
4090	2.977379e-06
4091	4.904417e-07
4092	4.469748e-06
4093	1.839740e-05
4094	1.483317e-05
4095	1.015149e-05
4096	1.122583e-05
4097	1.731270e-05
4098	1.697099e-04
4099	7.362485e-06
4100	7.549814e-06
4101	9.372096e-06
4102	8.647753e-07
4103	4.460405e-06
4104	1.127051e-04
4105	4.131959e-06
4106	1.081730e-05
4107	7.140856e-06
4108	1.561165e-05
4109	1.694729e-04
4110	3.189955e-04
4111	3.580535e-04
4112	6.352018e-05
4113	6.481268e-05
4114	9.121101e-05
4115	4.079312e-06
4116	4.179274e-06
4117	2.319227e-04
4118	2.936880e-05
4119	2.031704e-05
4120	1.017822e-05
4121	1.009874e-06
4122	1.907898e-06
4123	6.781665e-05
4124	1.673946e-06
4125	3.315592e-05
4126	8.734913e-06
4127	2.262374e-05
4128	1.965476e-05
4129	1.986765e-05
4130	2.591260e-05
4131	2.685500e-05
4132	5.625371e-06
4133	5.267213e-06
4134	1.908336e-05
4135	2.274842e-05
4136	3.279197e-05
4137	1.919431e-05
4138	4.900601e-05
4139	2.766571e-05
4140	9.080563e-06
4141	2.167671e-05
4142	1.082620e-05
4143	1.419639e-05
4144	1.519006e-05
4145	2.981200e-05
4146	3.380686e-07
4147	1.603785e-05
4148	3.105021e-05
4149	3.589523e-05
4150	1.443185e-05
4151	5.419377e-06
4152	8.156123e-06
4153	3.500597e-06
4154	5.957156e-06
4155	1.006433e-06
4156	1.373117e-06
4157	3.760225e-06
4158	1.755314e-06
4159	3.288385e-05
4160	5.271474e-05
4161	2.171800e-05
4162	2.474682e-05
4163	2.883772e-05
4164	2.646682e-05
4165	4.411292e-06
4166	3.958077e-05
4167	1.322355e-05
4168	1.332732e-05
4169	1.236427e-05
4170	3.233977e-05
4171	8.021400e-06
4172	1.606510e-06
4173	7.553959e-07
4174	2.738669e-06
4175	1.333681e-06
4176	3.473338e-06
4177	3.365083e-06
4178	1.573758e-04
4179	1.377074e-05
4180	7.921216e-06
4181	2.822940e-06
4182	4.762280e-06
4183	1.344091e-06
4184	1.675903e-06
4185	4.949307e-06
4186	2.878931e-06
4187	7.929727e-06
4188	3.042898e-06
4189	1.395926e-06
4190	1.051953e-06
4191	1.758775e-05
4192	1.232527e-05
4193	3.315875e-05
4194	1.014844e-05
4195	1.611379e-05
4196	8.622412e-06
4197	5.748976e-06
4198	4.654655e-06
4199	1.815040e-06
4200	5.981735e-06
4201	1.822969e-06
4202	3.065063e-06
4203	1.146286e-06
4204	2.594354e-06
4205	1.338387e-06
4206	1.696462e-06
4207	5.794530e-05
4208	4.147258e-06
4209	6.938292e-06
4210	3.966166e-06
4211	8.827972e-06
4212	9.123498e-06
4213	4.226901e-06
4214	1.838865e-05
4215	2.142517e-06
4216	9.514260e-06
4217	2.334503e-05
4218	1.412780e-05
4219	4.286873e-04
4220	8.341673e-06
4221	1.819253e-06
4222	1.180927e-06
4223	1.023000e-06
4224	7.868729e-07
4225	8.389941e-06
4226	2.185357e-06
4227	3.747910e-07
4228	5.440907e-07
4229	3.078850e-06
4230	2.730941e-06
4231	2.448967e-06
4232	1.274127e-06
4233	8.209034e-07
4234	1.280403e-06
4235	3.560263e-07
4236	5.923463e-07
4237	5.425172e-07
4238	1.246132e-07
4239	3.682647e-06
4240	2.766226e-06
4241	2.036991e-04
4242	1.308162e-03
4243	3.119604e-03
4244	7.279216e-06
4245	1.847307e-06
4246	4.684923e-06
4247	6.828959e-06
4248	1.593032e-06
4249	4.339173e-05
4250	2.562495e-06
4251	1.713567e-07
4252	4.190380e-06
4253	8.760260e-07
4254	8.872365e-07
4255	1.837555e-06
4256	2.932571e-06
4257	3.980807e-07
4258	6.124704e-06
4259	6.446187e-06
4260	7.487462e-06
4261	1.187921e-04
4262	1.488189e-04
4263	1.463290e-04
4264	5.161664e-06
4265	3.544397e-05
4266	1.449461e-05
4267	2.218009e-06
4268	4.125159e-06
4269	2.870074e-06
4270	4.046260e-04
4271	1.536275e-05
4272	3.088847e-05
4273	1.957297e-05
4274	2.131760e-05
4275	8.221597e-05
4276	1.048788e-04
4277	1.324421e-05
4278	2.807353e-08
4279	2.791238e-06
4280	1.491129e-06
4281	2.211974e-06
4282	2.575431e-04
